vesselCount = 8
UT = 5172319.4250124106
gameMode = CAREER
gameNull = False
gameCompatible = True
funds = 158576.57731116359
science = 15
reputationPercent = 47
ongoingContracts = 12
missionCurrentScore = 0
missionIsStarted = False
missionIsEnded = False
missionHistoryId = 00000000-0000-0000-0000-000000000000
missionExpansionVersion = 
saveMD5 = 64a97acdd0cf92af49b1ff1ea31d534c
