vesselCount = 3
UT = 3787210.7650456759
gameMode = CAREER
gameNull = False
gameCompatible = True
funds = 368480.36927424697
science = 20
reputationPercent = 34
ongoingContracts = 9
missionCurrentScore = 0
missionIsStarted = False
missionIsEnded = False
missionHistoryId = 00000000-0000-0000-0000-000000000000
missionExpansionVersion = 
saveMD5 = 2c9355ff50d82c6ed12d36b0a811cb68
