vesselCount = 1
UT = 1778810.2851292624
gameMode = CAREER
gameNull = False
gameCompatible = True
funds = 195609.75248187518
science = 24
reputationPercent = 20
ongoingContracts = 11
missionCurrentScore = 0
missionIsStarted = False
missionIsEnded = False
missionHistoryId = 00000000-0000-0000-0000-000000000000
missionExpansionVersion = 
saveMD5 = 5ca97fd3ccbea9ef43385d5b882932ca
