vesselCount = 1
UT = 2447901.8917515059
gameMode = CAREER
gameNull = False
gameCompatible = True
funds = 372415.73365078343
science = 12
reputationPercent = 24
ongoingContracts = 10
missionCurrentScore = 0
missionIsStarted = False
missionIsEnded = False
missionHistoryId = 00000000-0000-0000-0000-000000000000
missionExpansionVersion = 
saveMD5 = 5f5f3695706741e3f68df30cb4274807
