vesselCount = 1
UT = 1047175.5683018811
gameMode = CAREER
gameNull = False
gameCompatible = True
funds = 118134.45939349967
science = 6
reputationPercent = 15
ongoingContracts = 3
missionCurrentScore = 0
missionIsStarted = False
missionIsEnded = False
missionHistoryId = 00000000-0000-0000-0000-000000000000
missionExpansionVersion = 
saveMD5 = 72e3fadebf14f7f2b98c39f3f575d3d9
