vesselCount = 5
UT = 4506253.0728893084
gameMode = CAREER
gameNull = False
gameCompatible = True
funds = 155602.58143240589
science = 44
reputationPercent = 44
ongoingContracts = 10
missionCurrentScore = 0
missionIsStarted = False
missionIsEnded = False
missionHistoryId = 00000000-0000-0000-0000-000000000000
missionExpansionVersion = 
saveMD5 = 8bffa0adbba9a4c89960d240b62ccb9c
