vesselCount = 4
UT = 4360806.0641977536
gameMode = CAREER
gameNull = False
gameCompatible = True
funds = 241106.2793338013
science = 5
reputationPercent = 40
ongoingContracts = 11
missionCurrentScore = 0
missionIsStarted = False
missionIsEnded = False
missionHistoryId = 00000000-0000-0000-0000-000000000000
missionExpansionVersion = 
saveMD5 = 010ef5b0988bf34603d56fe0f4bf8e62
