vesselCount = 7
UT = 5045091.1909579858
gameMode = CAREER
gameNull = False
gameCompatible = True
funds = 159354.11427809839
science = 4
reputationPercent = 46
ongoingContracts = 12
missionCurrentScore = 0
missionIsStarted = False
missionIsEnded = False
missionHistoryId = 00000000-0000-0000-0000-000000000000
missionExpansionVersion = 
saveMD5 = 24e813f0517c7b0699a311ad9eb98f5b
