vesselCount = 5
UT = 4557604.687275786
gameMode = CAREER
gameNull = False
gameCompatible = True
funds = 73251.142468756181
science = 47
reputationPercent = 44
ongoingContracts = 0
missionCurrentScore = 0
missionIsStarted = False
missionIsEnded = False
missionHistoryId = 00000000-0000-0000-0000-000000000000
missionExpansionVersion = 
saveMD5 = 1c2f8cdb10cc92df49103b04b0901e9e
