vesselCount = 7
UT = 4757970.6265888065
gameMode = CAREER
gameNull = False
gameCompatible = True
funds = 145128.9475599257
science = 26
reputationPercent = 46
ongoingContracts = 12
missionCurrentScore = 0
missionIsStarted = False
missionIsEnded = False
missionHistoryId = 00000000-0000-0000-0000-000000000000
missionExpansionVersion = 
saveMD5 = 17dfbafc87b888958227188e65d29c90
