vesselCount = 2
UT = 3464204.3068497106
gameMode = CAREER
gameNull = False
gameCompatible = True
funds = 290143.75464445859
science = 69
reputationPercent = 32
ongoingContracts = 8
missionCurrentScore = 0
missionIsStarted = False
missionIsEnded = False
missionHistoryId = 00000000-0000-0000-0000-000000000000
missionExpansionVersion = 
saveMD5 = 70fc0f15902b24ca1a74490551c52c9f
