vesselCount = 3
UT = 3703749.2762877946
gameMode = CAREER
gameNull = False
gameCompatible = True
funds = 264686.79459435248
science = 9
reputationPercent = 32
ongoingContracts = 9
missionCurrentScore = 0
missionIsStarted = False
missionIsEnded = False
missionHistoryId = 00000000-0000-0000-0000-000000000000
missionExpansionVersion = 
saveMD5 = 15124a0b91bebb5b71bb34af077f545a
