vesselCount = 1
UT = 2880010.0396149135
gameMode = CAREER
gameNull = False
gameCompatible = True
funds = 344604.22666196397
science = 12
reputationPercent = 24
ongoingContracts = 10
missionCurrentScore = 0
missionIsStarted = False
missionIsEnded = False
missionHistoryId = 00000000-0000-0000-0000-000000000000
missionExpansionVersion = 
saveMD5 = 60fd833984d00818817728b5b7e40a6f
