vesselCount = 7
UT = 4831057.8884661496
gameMode = CAREER
gameNull = False
gameCompatible = True
funds = 147838.9470599264
science = 9
reputationPercent = 46
ongoingContracts = 12
missionCurrentScore = 0
missionIsStarted = False
missionIsEnded = False
missionHistoryId = 00000000-0000-0000-0000-000000000000
missionExpansionVersion = 
saveMD5 = 28ef69d9c5bb9ae018284296ff4b9822
