vesselCount = 7
UT = 5040004.262449638
gameMode = CAREER
gameNull = False
gameCompatible = True
funds = 166119.0567328835
science = 4
reputationPercent = 46
ongoingContracts = 12
missionCurrentScore = 0
missionIsStarted = False
missionIsEnded = False
missionHistoryId = 00000000-0000-0000-0000-000000000000
missionExpansionVersion = 
saveMD5 = 6c645ee22e9c589bcb6c8495c817848d
