vesselCount = 1
UT = 1088696.8716844842
gameMode = CAREER
gameNull = False
gameCompatible = True
funds = 133819.72669106454
science = 11
reputationPercent = 15
ongoingContracts = 3
missionCurrentScore = 0
missionIsStarted = False
missionIsEnded = False
missionHistoryId = 00000000-0000-0000-0000-000000000000
missionExpansionVersion = 
saveMD5 = 933b19d765b4afcbe733d102adb6c75a
