vesselCount = 1
UT = 1224946.3847380921
gameMode = CAREER
gameNull = False
gameCompatible = True
funds = 49368.340250156441
science = 2
reputationPercent = 18
ongoingContracts = 7
missionCurrentScore = 0
missionIsStarted = False
missionIsEnded = False
missionHistoryId = 00000000-0000-0000-0000-000000000000
missionExpansionVersion = 
saveMD5 = 1fd2e08075a37bb8ac6f98f8af75be4e
