vesselCount = 7
UT = 5146209.1692015845
gameMode = CAREER
gameNull = False
gameCompatible = True
funds = 158478.63030963187
science = 14
reputationPercent = 47
ongoingContracts = 12
missionCurrentScore = 0
missionIsStarted = False
missionIsEnded = False
missionHistoryId = 00000000-0000-0000-0000-000000000000
missionExpansionVersion = 
saveMD5 = 5eee74b29486ba6f156b37f060ed8fb8
