vesselCount = 1
UT = 2959376.9217054672
gameMode = CAREER
gameNull = False
gameCompatible = True
funds = 339387.39072446397
science = 12
reputationPercent = 24
ongoingContracts = 0
missionCurrentScore = 0
missionIsStarted = False
missionIsEnded = False
missionHistoryId = 00000000-0000-0000-0000-000000000000
missionExpansionVersion = 
saveMD5 = 4e5e6467d27fd2502cdd9bdbd022fad5
