vesselCount = 2
UT = 3420181.7264749985
gameMode = CAREER
gameNull = False
gameCompatible = True
funds = 300125.81624810066
science = 69
reputationPercent = 32
ongoingContracts = 10
missionCurrentScore = 0
missionIsStarted = False
missionIsEnded = False
missionHistoryId = 00000000-0000-0000-0000-000000000000
missionExpansionVersion = 
saveMD5 = 6bca228d163669055745b93dae572cc2
