vesselCount = 1
UT = 1713620.1482502061
gameMode = CAREER
gameNull = False
gameCompatible = True
funds = 189084.75471911271
science = 14
reputationPercent = 20
ongoingContracts = 10
missionCurrentScore = 0
missionIsStarted = False
missionIsEnded = False
missionHistoryId = 00000000-0000-0000-0000-000000000000
missionExpansionVersion = 
saveMD5 = 57d3dec3fba7474c446e9d3ac0e7eadf
