vesselCount = 3
UT = 4157547.6989010819
gameMode = CAREER
gameNull = False
gameCompatible = True
funds = 124079.4722285679
science = 31
reputationPercent = 39
ongoingContracts = 11
missionCurrentScore = 0
missionIsStarted = False
missionIsEnded = False
missionHistoryId = 00000000-0000-0000-0000-000000000000
missionExpansionVersion = 
saveMD5 = 2315044625b39bdffa7b5ccca55f82e7
