vesselCount = 3
UT = 4255368.0971339718
gameMode = CAREER
gameNull = False
gameCompatible = True
funds = 186797.84284105734
science = 37
reputationPercent = 40
ongoingContracts = 11
missionCurrentScore = 0
missionIsStarted = False
missionIsEnded = False
missionHistoryId = 00000000-0000-0000-0000-000000000000
missionExpansionVersion = 
saveMD5 = 58530c5e8d40238de1448ea7ecca44ce
