vesselCount = 1
UT = 2825896.9180911169
gameMode = CAREER
gameNull = False
gameCompatible = True
funds = 344604.22583712242
science = 12
reputationPercent = 24
ongoingContracts = 10
missionCurrentScore = 0
missionIsStarted = False
missionIsEnded = False
missionHistoryId = 00000000-0000-0000-0000-000000000000
missionExpansionVersion = 
saveMD5 = 320e07e7c179ee8ab498d45fedc05829
