vesselCount = 7
UT = 4999560.4244876038
gameMode = CAREER
gameNull = False
gameCompatible = True
funds = 168926.91236566548
science = 4
reputationPercent = 46
ongoingContracts = 12
missionCurrentScore = 0
missionIsStarted = False
missionIsEnded = False
missionHistoryId = 00000000-0000-0000-0000-000000000000
missionExpansionVersion = 
saveMD5 = 0e7304440218963219ede89cfa087652
