vesselCount = 3
UT = 3873615.5766824703
gameMode = CAREER
gameNull = False
gameCompatible = True
funds = 138451.79494475634
science = 5
reputationPercent = 34
ongoingContracts = 11
missionCurrentScore = 0
missionIsStarted = False
missionIsEnded = False
missionHistoryId = 00000000-0000-0000-0000-000000000000
missionExpansionVersion = 
saveMD5 = 1e469147f767a43396388f93e3aa5f5d
