vesselCount = 1
UT = 598393.53050646861
gameMode = CAREER
gameNull = False
gameCompatible = True
funds = 118405.9632892683
science = 24
reputationPercent = 4
ongoingContracts = 2
missionCurrentScore = 0
missionIsStarted = False
missionIsEnded = False
missionHistoryId = 00000000-0000-0000-0000-000000000000
missionExpansionVersion = 
saveMD5 = 38e517d83f01b7dbc48cff3bb402f9bd
