vesselCount = 2
UT = 3639837.5302690607
gameMode = CAREER
gameNull = False
gameCompatible = True
funds = 279012.57451111585
science = 27
reputationPercent = 32
ongoingContracts = 8
missionCurrentScore = 0
missionIsStarted = False
missionIsEnded = False
missionHistoryId = 00000000-0000-0000-0000-000000000000
missionExpansionVersion = 
saveMD5 = 1ac52a5eb46cc04bf0e667b0f954622c
