vesselCount = 1
UT = 1132946.6789947795
gameMode = CAREER
gameNull = False
gameCompatible = True
funds = 185557.72632913975
science = 0
reputationPercent = 17
ongoingContracts = 2
missionCurrentScore = 0
missionIsStarted = False
missionIsEnded = False
missionHistoryId = 00000000-0000-0000-0000-000000000000
missionExpansionVersion = 
saveMD5 = 7091d26095df27c960c78d6430a65790
