vesselCount = 1
UT = 1971708.2593018147
gameMode = CAREER
gameNull = False
gameCompatible = True
funds = 269609.54606205481
science = 16
reputationPercent = 22
ongoingContracts = 10
missionCurrentScore = 0
missionIsStarted = False
missionIsEnded = False
missionHistoryId = 00000000-0000-0000-0000-000000000000
missionExpansionVersion = 
saveMD5 = 72bf6d358aaac2471bd1a37d6486dd3b
