vesselCount = 0
UT = 2825909.5980911287
gameMode = CAREER
gameNull = False
gameCompatible = True
funds = 349921.06259946397
science = 12
reputationPercent = 24
ongoingContracts = 10
missionCurrentScore = 0
missionIsStarted = False
missionIsEnded = False
missionHistoryId = 00000000-0000-0000-0000-000000000000
missionExpansionVersion = 
saveMD5 = 5e61a11ec1db79ae9176425176d06467
