vesselCount = 2
UT = 3873615.0766824698
gameMode = CAREER
gameNull = False
gameCompatible = True
funds = 138451.79494475634
science = 5
reputationPercent = 34
ongoingContracts = 11
missionCurrentScore = 0
missionIsStarted = False
missionIsEnded = False
missionHistoryId = 00000000-0000-0000-0000-000000000000
missionExpansionVersion = 
saveMD5 = 341cde59d5930ae8120e0327632e75c3
