vesselCount = 0
UT = 598758.03050680808
gameMode = CAREER
gameNull = False
gameCompatible = True
funds = 129110.66849327831
science = 24
reputationPercent = 6
ongoingContracts = 1
missionCurrentScore = 0
missionIsStarted = False
missionIsEnded = False
missionHistoryId = 00000000-0000-0000-0000-000000000000
missionExpansionVersion = 
saveMD5 = 7019b770f09df3a0f2e5e240d6fdde76
