vesselCount = 0
UT = 2127926.0899314196
gameMode = CAREER
gameNull = False
gameCompatible = True
funds = 333131.70943278691
science = 11
reputationPercent = 24
ongoingContracts = 7
missionCurrentScore = 0
missionIsStarted = False
missionIsEnded = False
missionHistoryId = 00000000-0000-0000-0000-000000000000
missionExpansionVersion = 
saveMD5 = 7ebe1ae4d4529dbc1d240abc90c87470
