vesselCount = 0
UT = 598831.51050687651
gameMode = CAREER
gameNull = False
gameCompatible = True
funds = 130310.66849327831
science = 24
reputationPercent = 6
ongoingContracts = 3
missionCurrentScore = 0
missionIsStarted = False
missionIsEnded = False
missionHistoryId = 00000000-0000-0000-0000-000000000000
missionExpansionVersion = 
saveMD5 = 8dcf6be64cd0b532e40fe640170c2563
