vesselCount = 1
UT = 3079984.6134836837
gameMode = CAREER
gameNull = False
gameCompatible = True
funds = 149527.47483961625
science = 46
reputationPercent = 29
ongoingContracts = 7
missionCurrentScore = 0
missionIsStarted = False
missionIsEnded = False
missionHistoryId = 00000000-0000-0000-0000-000000000000
missionExpansionVersion = 
saveMD5 = 4f00ecb74ca3240048ef0043bab59ddf
