vesselCount = 0
UT = 854612.38580367016
gameMode = CAREER
gameNull = False
gameCompatible = True
funds = 216089.14370023884
science = 3
reputationPercent = 14
ongoingContracts = 1
missionCurrentScore = 0
missionIsStarted = False
missionIsEnded = False
missionHistoryId = 00000000-0000-0000-0000-000000000000
missionExpansionVersion = 
saveMD5 = 3d9fbb40161cd50f78b83719452983d6
