vesselCount = 0
UT = 979199.38855816144
gameMode = CAREER
gameNull = False
gameCompatible = True
funds = 111202.19498017832
science = 10
reputationPercent = 14
ongoingContracts = 3
missionCurrentScore = 0
missionIsStarted = False
missionIsEnded = False
missionHistoryId = 00000000-0000-0000-0000-000000000000
missionExpansionVersion = 
saveMD5 = 452ed2318754cfcc19f40b94bab6c481
