vesselCount = 2
UT = 3701501.0762857008
gameMode = CAREER
gameNull = False
gameCompatible = True
funds = 274582.9978509596
science = 9
reputationPercent = 32
ongoingContracts = 8
missionCurrentScore = 0
missionIsStarted = False
missionIsEnded = False
missionHistoryId = 00000000-0000-0000-0000-000000000000
missionExpansionVersion = 
saveMD5 = 339b994299b782466c75ab285eea1d2f
