vesselCount = 0
UT = 1782185.0645928355
gameMode = CAREER
gameNull = False
gameCompatible = True
funds = 253395.54030084712
science = 27
reputationPercent = 21
ongoingContracts = 8
missionCurrentScore = 0
missionIsStarted = False
missionIsEnded = False
missionHistoryId = 00000000-0000-0000-0000-000000000000
missionExpansionVersion = 
saveMD5 = 111ce3343ac6d80f50e5158b56b73a80
