vesselCount = 3
UT = 4310143.6923270421
gameMode = CAREER
gameNull = False
gameCompatible = True
funds = 249636.2793338013
science = 43
reputationPercent = 40
ongoingContracts = 10
missionCurrentScore = 0
missionIsStarted = False
missionIsEnded = False
missionHistoryId = 00000000-0000-0000-0000-000000000000
missionExpansionVersion = 
saveMD5 = 5635e154998bd8561cf2fd03ea4c498a
