vesselCount = 1
UT = 3020174.5155499675
gameMode = CAREER
gameNull = False
gameCompatible = True
funds = 535246.82366597443
science = 40
reputationPercent = 28
ongoingContracts = 7
missionCurrentScore = 0
missionIsStarted = False
missionIsEnded = False
missionHistoryId = 00000000-0000-0000-0000-000000000000
missionExpansionVersion = 
saveMD5 = 24d9e850e7859da3cc1eff90410b3f38
