vesselCount = 2
UT = 3701442.0562856458
gameMode = CAREER
gameNull = False
gameCompatible = True
funds = 274582.9978509596
science = 27
reputationPercent = 32
ongoingContracts = 8
missionCurrentScore = 0
missionIsStarted = False
missionIsEnded = False
missionHistoryId = 00000000-0000-0000-0000-000000000000
missionExpansionVersion = 
saveMD5 = 970ad0f28b8970b7122a5610a3f0bfba
