vesselCount = 2
UT = 4001791.3041016734
gameMode = CAREER
gameNull = False
gameCompatible = True
funds = 161242.56819544663
science = 21
reputationPercent = 37
ongoingContracts = 10
missionCurrentScore = 0
missionIsStarted = False
missionIsEnded = False
missionHistoryId = 00000000-0000-0000-0000-000000000000
missionExpansionVersion = 
saveMD5 = 971e96eabc6dd1c389cebe7cd451364c
