vesselCount = 2
UT = 3723950.1273106853
gameMode = CAREER
gameNull = False
gameCompatible = True
funds = 303046.40882073803
science = 9
reputationPercent = 32
ongoingContracts = 9
missionCurrentScore = 0
missionIsStarted = False
missionIsEnded = False
missionHistoryId = 00000000-0000-0000-0000-000000000000
missionExpansionVersion = 
saveMD5 = 16d577516dd6ab475d1a85b07a601b43
