vesselCount = 2
UT = 3703748.7962877941
gameMode = CAREER
gameNull = False
gameCompatible = True
funds = 264686.79459435248
science = 9
reputationPercent = 32
ongoingContracts = 9
missionCurrentScore = 0
missionIsStarted = False
missionIsEnded = False
missionHistoryId = 00000000-0000-0000-0000-000000000000
missionExpansionVersion = 
saveMD5 = 2599734ca1fb36165f8c4489ef216db1
