vesselCount = 2
UT = 3593107.9243116975
gameMode = CAREER
gameNull = False
gameCompatible = True
funds = 283492.1511712721
science = 27
reputationPercent = 32
ongoingContracts = 8
missionCurrentScore = 0
missionIsStarted = False
missionIsEnded = False
missionHistoryId = 00000000-0000-0000-0000-000000000000
missionExpansionVersion = 
saveMD5 = 5a3c775982e3ae7ac08e4e934bbf09d2
