vesselCount = 0
UT = 2825917.5180911361
gameMode = CAREER
gameNull = False
gameCompatible = True
funds = 344604.22583712242
science = 12
reputationPercent = 24
ongoingContracts = 10
missionCurrentScore = 0
missionIsStarted = False
missionIsEnded = False
missionHistoryId = 00000000-0000-0000-0000-000000000000
missionExpansionVersion = 
saveMD5 = 18d11b2006404c0bf9ddd61a38df5650
