vesselCount = 0
UT = 244220.22815220003
gameMode = CAREER
gameNull = False
gameCompatible = True
funds = 62469.594794635661
science = 10
reputationPercent = 1
ongoingContracts = 3
missionCurrentScore = 0
missionIsStarted = False
missionIsEnded = False
missionHistoryId = 00000000-0000-0000-0000-000000000000
missionExpansionVersion = 
saveMD5 = 9e9c1d9ca9ca75149d25d7bae8264264
