vesselCount = 7
UT = 5040021.0424492629
gameMode = CAREER
gameNull = False
gameCompatible = True
funds = 166119.0567328835
science = 4
reputationPercent = 46
ongoingContracts = 12
missionCurrentScore = 0
missionIsStarted = False
missionIsEnded = False
missionHistoryId = 00000000-0000-0000-0000-000000000000
missionExpansionVersion = 
saveMD5 = 3895ca3c384fc72c6adc329131367b6e
