vesselCount = 2
UT = 4138123.8669625265
gameMode = CAREER
gameNull = False
gameCompatible = True
funds = 129809.4722285679
science = 31
reputationPercent = 39
ongoingContracts = 11
missionCurrentScore = 0
missionIsStarted = False
missionIsEnded = False
missionHistoryId = 00000000-0000-0000-0000-000000000000
missionExpansionVersion = 
saveMD5 = 6fc0b71c0e9551e7b0e3d5733b207bb0
