vesselCount = 1
UT = 3347349.0521747125
gameMode = CAREER
gameNull = False
gameCompatible = True
funds = 278833.42945117265
science = 69
reputationPercent = 32
ongoingContracts = 10
missionCurrentScore = 0
missionIsStarted = False
missionIsEnded = False
missionHistoryId = 00000000-0000-0000-0000-000000000000
missionExpansionVersion = 
saveMD5 = 537619dd36dc66d481d959e196afc45d
