vesselCount = 0
UT = 1928385.3123282804
gameMode = CAREER
gameNull = False
gameCompatible = True
funds = 241957.84027414126
science = 4
reputationPercent = 22
ongoingContracts = 8
missionCurrentScore = 0
missionIsStarted = False
missionIsEnded = False
missionHistoryId = 00000000-0000-0000-0000-000000000000
missionExpansionVersion = 
saveMD5 = 3c7338410dad5b4859566beff7d92380
