vesselCount = 2
UT = 4157945.9989014529
gameMode = CAREER
gameNull = False
gameCompatible = True
funds = 186797.84381761984
science = 37
reputationPercent = 40
ongoingContracts = 11
missionCurrentScore = 0
missionIsStarted = False
missionIsEnded = False
missionHistoryId = 00000000-0000-0000-0000-000000000000
missionExpansionVersion = 
saveMD5 = 4fc085ed1aad1f8222ced9957a4d0ccc
