vesselCount = 4
UT = 4412843.7142248815
gameMode = CAREER
gameNull = False
gameCompatible = True
funds = 300976.88365182403
science = 29
reputationPercent = 41
ongoingContracts = 11
missionCurrentScore = 0
missionIsStarted = False
missionIsEnded = False
missionHistoryId = 00000000-0000-0000-0000-000000000000
missionExpansionVersion = 
saveMD5 = 2435a65d4090f1b962551af4773b422b
