vesselCount = 0
UT = 1174145.8281752109
gameMode = CAREER
gameNull = False
gameCompatible = True
funds = 197208.34025015644
science = 2
reputationPercent = 18
ongoingContracts = 1
missionCurrentScore = 0
missionIsStarted = False
missionIsEnded = False
missionHistoryId = 00000000-0000-0000-0000-000000000000
missionExpansionVersion = 
saveMD5 = 57715ad636afd72ba684900996efdc99
