vesselCount = 5
UT = 4576289.0919961976
gameMode = CAREER
gameNull = False
gameCompatible = True
funds = 73301.142468756181
science = 47
reputationPercent = 44
ongoingContracts = 9
missionCurrentScore = 0
missionIsStarted = False
missionIsEnded = False
missionHistoryId = 00000000-0000-0000-0000-000000000000
missionExpansionVersion = 
saveMD5 = 7c709871990a647015723b4a64c16e94
