vesselCount = 0
UT = 2730775.9710792592
gameMode = CAREER
gameNull = False
gameCompatible = True
funds = 349921.06177462242
science = 12
reputationPercent = 24
ongoingContracts = 10
missionCurrentScore = 0
missionIsStarted = False
missionIsEnded = False
missionHistoryId = 00000000-0000-0000-0000-000000000000
missionExpansionVersion = 
saveMD5 = 1510dc8834807ee18a560bc1f8221722
