vesselCount = 4
UT = 4438318.2511207843
gameMode = CAREER
gameNull = False
gameCompatible = True
funds = 315536.93833932403
science = 29
reputationPercent = 41
ongoingContracts = 11
missionCurrentScore = 0
missionIsStarted = False
missionIsEnded = False
missionHistoryId = 00000000-0000-0000-0000-000000000000
missionExpansionVersion = 
saveMD5 = 2c12112738133eaf26c97f4932fa3c2c
