vesselCount = 5
UT = 4605967.2771804966
gameMode = CAREER
gameNull = False
gameCompatible = True
funds = 35156.993761228572
science = 6
reputationPercent = 44
ongoingContracts = 9
missionCurrentScore = 0
missionIsStarted = False
missionIsEnded = False
missionHistoryId = 00000000-0000-0000-0000-000000000000
missionExpansionVersion = 
saveMD5 = 0c61d1b85753c5813a9f430c64f1bb0e
