vesselCount = 0
UT = 1327428.4929438278
gameMode = CAREER
gameNull = False
gameCompatible = True
funds = 104389.27626849212
science = 17
reputationPercent = 19
ongoingContracts = 3
missionCurrentScore = 0
missionIsStarted = False
missionIsEnded = False
missionHistoryId = 00000000-0000-0000-0000-000000000000
missionExpansionVersion = 
saveMD5 = 5e24cbcfc3933ec3a7d50b6c5df9c097
