vesselCount = 2
UT = 3724434.7073111366
gameMode = CAREER
gameNull = False
gameCompatible = True
funds = 364880.36927424697
science = 20
reputationPercent = 34
ongoingContracts = 8
missionCurrentScore = 0
missionIsStarted = False
missionIsEnded = False
missionHistoryId = 00000000-0000-0000-0000-000000000000
missionExpansionVersion = 
saveMD5 = 917450e42c46b4adcf25190a0440c6a9
