vesselCount = 6
UT = 4999587.5044869985
gameMode = CAREER
gameNull = False
gameCompatible = True
funds = 168866.9122016335
science = 4
reputationPercent = 46
ongoingContracts = 12
missionCurrentScore = 0
missionIsStarted = False
missionIsEnded = False
missionHistoryId = 00000000-0000-0000-0000-000000000000
missionExpansionVersion = 
saveMD5 = 37297262d498c456de877382bd5d4c4d
