vesselCount = 2
UT = 3015285.0478794896
gameMode = CAREER
gameNull = False
gameCompatible = True
funds = 417247.39072446397
science = 22
reputationPercent = 26
ongoingContracts = 10
missionCurrentScore = 0
missionIsStarted = False
missionIsEnded = False
missionHistoryId = 00000000-0000-0000-0000-000000000000
missionExpansionVersion = 
saveMD5 = 3457147bb489e536a7b5b5e2b3eef9be
