vesselCount = 0
UT = 2249323.1713604382
gameMode = CAREER
gameNull = False
gameCompatible = True
funds = 335490.82032291067
science = 12
reputationPercent = 24
ongoingContracts = 7
missionCurrentScore = 0
missionIsStarted = False
missionIsEnded = False
missionHistoryId = 00000000-0000-0000-0000-000000000000
missionExpansionVersion = 
saveMD5 = 558b2fa1fb1fcdd91f2b16ca29617060
