vesselCount = 0
UT = 1023205.2415806615
gameMode = CAREER
gameNull = False
gameCompatible = True
funds = 125739.45939349967
science = 6
reputationPercent = 15
ongoingContracts = 3
missionCurrentScore = 0
missionIsStarted = False
missionIsEnded = False
missionHistoryId = 00000000-0000-0000-0000-000000000000
missionExpansionVersion = 
saveMD5 = 9fc8da8de552ddda634fba99932bc442
