vesselCount = 0
UT = 2127558.9699310777
gameMode = CAREER
gameNull = False
gameCompatible = True
funds = 340561.70943278691
science = 11
reputationPercent = 24
ongoingContracts = 7
missionCurrentScore = 0
missionIsStarted = False
missionIsEnded = False
missionHistoryId = 00000000-0000-0000-0000-000000000000
missionExpansionVersion = 
saveMD5 = 71e00d4666082d6bf7b9734d8265fb1e
