vesselCount = 2
UT = 4011706.756830621
gameMode = CAREER
gameNull = False
gameCompatible = True
funds = 151462.43660903655
science = 31
reputationPercent = 38
ongoingContracts = 9
missionCurrentScore = 0
missionIsStarted = False
missionIsEnded = False
missionHistoryId = 00000000-0000-0000-0000-000000000000
missionExpansionVersion = 
saveMD5 = 9efc67e577aab6fc44b1e77a58e5f76f
