vesselCount = 5
UT = 4605903.4371819235
gameMode = CAREER
gameNull = False
gameCompatible = True
funds = 55070.179308103572
science = 6
reputationPercent = 44
ongoingContracts = 9
missionCurrentScore = 0
missionIsStarted = False
missionIsEnded = False
missionHistoryId = 00000000-0000-0000-0000-000000000000
missionExpansionVersion = 
saveMD5 = 1b17fec9de339a533f4edb5da29aabb6
