vesselCount = 6
UT = 5045090.2709580064
gameMode = CAREER
gameNull = False
gameCompatible = True
funds = 159354.11427809839
science = 4
reputationPercent = 46
ongoingContracts = 12
missionCurrentScore = 0
missionIsStarted = False
missionIsEnded = False
missionHistoryId = 00000000-0000-0000-0000-000000000000
missionExpansionVersion = 
saveMD5 = 2b07c761d174382a075f0eb40e8e8495
