vesselCount = 2
UT = 4158263.8189017489
gameMode = CAREER
gameNull = False
gameCompatible = True
funds = 186797.84381761984
science = 37
reputationPercent = 40
ongoingContracts = 11
missionCurrentScore = 0
missionIsStarted = False
missionIsEnded = False
missionHistoryId = 00000000-0000-0000-0000-000000000000
missionExpansionVersion = 
saveMD5 = 154d6b24e4e5e498ba5f618b084044f4
