vesselCount = 0
UT = 1066443.8214499606
gameMode = CAREER
gameNull = False
gameCompatible = True
funds = 133819.72669106454
science = 11
reputationPercent = 15
ongoingContracts = 3
missionCurrentScore = 0
missionIsStarted = False
missionIsEnded = False
missionHistoryId = 00000000-0000-0000-0000-000000000000
missionExpansionVersion = 
saveMD5 = 40e2adbfb8fb4b1023e5214d564df591
