vesselCount = 0
UT = 244138.48815224285
gameMode = CAREER
gameNull = False
gameCompatible = True
funds = 61269.594794635661
science = 10
reputationPercent = 1
ongoingContracts = 1
missionCurrentScore = 0
missionIsStarted = False
missionIsEnded = False
missionHistoryId = 00000000-0000-0000-0000-000000000000
missionExpansionVersion = 
saveMD5 = 29494afd5071bf6ecdeec11be92e75ee
