vesselCount = 2
UT = 4137328.0269617853
gameMode = CAREER
gameNull = False
gameCompatible = True
funds = 129809.4722285679
science = 31
reputationPercent = 39
ongoingContracts = 11
missionCurrentScore = 0
missionIsStarted = False
missionIsEnded = False
missionHistoryId = 00000000-0000-0000-0000-000000000000
missionExpansionVersion = 
saveMD5 = 8a4b45329942a55db98ae5a99f2021f3
