vesselCount = 2
UT = 4039683.0339400503
gameMode = CAREER
gameNull = False
gameCompatible = True
funds = 123542.38094497405
science = 19
reputationPercent = 38
ongoingContracts = 9
missionCurrentScore = 0
missionIsStarted = False
missionIsEnded = False
missionHistoryId = 00000000-0000-0000-0000-000000000000
missionExpansionVersion = 
saveMD5 = 1eddf76815e5ee13e5eac01394efba7f
