vesselCount = 0
UT = 1065609.3912441067
gameMode = CAREER
gameNull = False
gameCompatible = True
funds = 119114.45939349967
science = 6
reputationPercent = 15
ongoingContracts = 3
missionCurrentScore = 0
missionIsStarted = False
missionIsEnded = False
missionHistoryId = 00000000-0000-0000-0000-000000000000
missionExpansionVersion = 
saveMD5 = 392584258d59507544cd455d534c1695
