vesselCount = 0
UT = 1329539.5705726885
gameMode = CAREER
gameNull = False
gameCompatible = True
funds = 142212.30402644956
science = 2
reputationPercent = 20
ongoingContracts = 6
missionCurrentScore = 0
missionIsStarted = False
missionIsEnded = False
missionHistoryId = 00000000-0000-0000-0000-000000000000
missionExpansionVersion = 
saveMD5 = 8ff5000af3e3bfb00c6856158ea59f00
