vesselCount = 1
UT = 3592807.844311418
gameMode = CAREER
gameNull = False
gameCompatible = True
funds = 283442.1511712721
science = 27
reputationPercent = 32
ongoingContracts = 8
missionCurrentScore = 0
missionIsStarted = False
missionIsEnded = False
missionHistoryId = 00000000-0000-0000-0000-000000000000
missionExpansionVersion = 
saveMD5 = 0a65e1c9ffda04f0df0e59f0d451d8c7
