vesselCount = 2
UT = 3015585.067879769
gameMode = CAREER
gameNull = False
gameCompatible = True
funds = 417247.39072446397
science = 22
reputationPercent = 26
ongoingContracts = 10
missionCurrentScore = 0
missionIsStarted = False
missionIsEnded = False
missionHistoryId = 00000000-0000-0000-0000-000000000000
missionExpansionVersion = 
saveMD5 = 6fad3897f920406af8e5a5059074c7fa
