vesselCount = 1
UT = 2185953.276259969
gameMode = CAREER
gameNull = False
gameCompatible = True
funds = 333131.70943278691
science = 11
reputationPercent = 24
ongoingContracts = 7
missionCurrentScore = 0
missionIsStarted = False
missionIsEnded = False
missionHistoryId = 00000000-0000-0000-0000-000000000000
missionExpansionVersion = 
saveMD5 = 17988b83acd82dcdcd757399539870f0
