vesselCount = 1
UT = 3225809.7261028956
gameMode = CAREER
gameNull = False
gameCompatible = True
funds = 185223.71655586638
science = 43
reputationPercent = 31
ongoingContracts = 7
missionCurrentScore = 0
missionIsStarted = False
missionIsEnded = False
missionHistoryId = 00000000-0000-0000-0000-000000000000
missionExpansionVersion = 
saveMD5 = 08d3aff5956090cdfb2d0610554e725b
