vesselCount = 0
UT = 979648.90855858009
gameMode = CAREER
gameNull = False
gameCompatible = True
funds = 108155.19472214245
science = 8
reputationPercent = 14
ongoingContracts = 3
missionCurrentScore = 0
missionIsStarted = False
missionIsEnded = False
missionHistoryId = 00000000-0000-0000-0000-000000000000
missionExpansionVersion = 
saveMD5 = 63f54eb6297503c5b64edb6d13e9002d
