vesselCount = 3
UT = 4411760.857225839
gameMode = CAREER
gameNull = False
gameCompatible = True
funds = 312221.84458932403
science = 29
reputationPercent = 41
ongoingContracts = 11
missionCurrentScore = 0
missionIsStarted = False
missionIsEnded = False
missionHistoryId = 00000000-0000-0000-0000-000000000000
missionExpansionVersion = 
saveMD5 = 80da0dba56237e7a4ad49fc6d9d89185
