vesselCount = 6
UT = 4895439.1225059154
gameMode = CAREER
gameNull = False
gameCompatible = True
funds = 168926.91236566548
science = 4
reputationPercent = 46
ongoingContracts = 12
missionCurrentScore = 0
missionIsStarted = False
missionIsEnded = False
missionHistoryId = 00000000-0000-0000-0000-000000000000
missionExpansionVersion = 
saveMD5 = 6f2103a69e2e3a3d71f78a4ecf0ad5a1
