vesselCount = 0
UT = 1088696.3516844837
gameMode = CAREER
gameNull = False
gameCompatible = True
funds = 133819.72669106454
science = 11
reputationPercent = 15
ongoingContracts = 3
missionCurrentScore = 0
missionIsStarted = False
missionIsEnded = False
missionHistoryId = 00000000-0000-0000-0000-000000000000
missionExpansionVersion = 
saveMD5 = 3c51674739589af40b9f1176ce6e7f0a
