vesselCount = 0
UT = 698405.39976807078
gameMode = CAREER
gameNull = False
gameCompatible = True
funds = 163782.03376839752
science = 34
reputationPercent = 9
ongoingContracts = 3
missionCurrentScore = 0
missionIsStarted = False
missionIsEnded = False
missionHistoryId = 00000000-0000-0000-0000-000000000000
missionExpansionVersion = 
saveMD5 = 16e5c60a2b90688c6006958dce984b55
