vesselCount = 0
UT = 2448329.0717519037
gameMode = CAREER
gameNull = False
gameCompatible = True
funds = 367500.89722384117
science = 12
reputationPercent = 24
ongoingContracts = 10
missionCurrentScore = 0
missionIsStarted = False
missionIsEnded = False
missionHistoryId = 00000000-0000-0000-0000-000000000000
missionExpansionVersion = 
saveMD5 = 0485704b6db2250acb2717b71f860afe
