vesselCount = 1
UT = 2880339.5796152204
gameMode = CAREER
gameNull = False
gameCompatible = True
funds = 344704.22666196397
science = 12
reputationPercent = 24
ongoingContracts = 10
missionCurrentScore = 0
missionIsStarted = False
missionIsEnded = False
missionHistoryId = 00000000-0000-0000-0000-000000000000
missionExpansionVersion = 
saveMD5 = 33ae501c5bdf9de6db7b1f3266449e8a
