vesselCount = 0
UT = 1173609.0281747109
gameMode = CAREER
gameNull = False
gameCompatible = True
funds = 185205.70698532366
science = 0
reputationPercent = 17
ongoingContracts = 2
missionCurrentScore = 0
missionIsStarted = False
missionIsEnded = False
missionHistoryId = 00000000-0000-0000-0000-000000000000
missionExpansionVersion = 
saveMD5 = 546416b0be314bea2dc2fec781f23e2a
