vesselCount = 6
UT = 4682878.5999113675
gameMode = CAREER
gameNull = False
gameCompatible = True
funds = 168883.9690443007
science = 26
reputationPercent = 46
ongoingContracts = 12
missionCurrentScore = 0
missionIsStarted = False
missionIsEnded = False
missionHistoryId = 00000000-0000-0000-0000-000000000000
missionExpansionVersion = 
saveMD5 = 48cf89bef1c90c564f2a1da126c33364
