vesselCount = 0
UT = 2447901.3917515054
gameMode = CAREER
gameNull = False
gameCompatible = True
funds = 372415.73365078343
science = 12
reputationPercent = 24
ongoingContracts = 10
missionCurrentScore = 0
missionIsStarted = False
missionIsEnded = False
missionHistoryId = 00000000-0000-0000-0000-000000000000
missionExpansionVersion = 
saveMD5 = 7daca2b7c601d7fd56405c9ff57e9087
