vesselCount = 4
UT = 4472470.5610724539
gameMode = CAREER
gameNull = False
gameCompatible = True
funds = 151069.30018240589
science = 44
reputationPercent = 44
ongoingContracts = 9
missionCurrentScore = 0
missionIsStarted = False
missionIsEnded = False
missionHistoryId = 00000000-0000-0000-0000-000000000000
missionExpansionVersion = 
saveMD5 = 77e9fe0038cbfbcdecad5539603d94f8
