vesselCount = 6
UT = 4758223.7671705997
gameMode = CAREER
gameNull = False
gameCompatible = True
funds = 146848.94728237629
science = 34
reputationPercent = 46
ongoingContracts = 12
missionCurrentScore = 0
missionIsStarted = False
missionIsEnded = False
missionHistoryId = 00000000-0000-0000-0000-000000000000
missionExpansionVersion = 
saveMD5 = 6315796e31910ef57a211cebd1d8766c
