vesselCount = 0
UT = 633619.01474055718
gameMode = CAREER
gameNull = False
gameCompatible = True
funds = 123771.66800499706
science = 24
reputationPercent = 6
ongoingContracts = 3
missionCurrentScore = 0
missionIsStarted = False
missionIsEnded = False
missionHistoryId = 00000000-0000-0000-0000-000000000000
missionExpansionVersion = 
saveMD5 = 86a38fabb45a7015ada0f5f588f09e26
