vesselCount = 1
UT = 3031371.745901742
gameMode = CAREER
gameNull = False
gameCompatible = True
funds = 102221.61455484893
science = 40
reputationPercent = 28
ongoingContracts = 8
missionCurrentScore = 0
missionIsStarted = False
missionIsEnded = False
missionHistoryId = 00000000-0000-0000-0000-000000000000
missionExpansionVersion = 
saveMD5 = 6871c025969495982035a1f8e81fdb10
