vesselCount = 5
UT = 4573920.8148682257
gameMode = CAREER
gameNull = False
gameCompatible = True
funds = 73301.142468756181
science = 47
reputationPercent = 44
ongoingContracts = 9
missionCurrentScore = 0
missionIsStarted = False
missionIsEnded = False
missionHistoryId = 00000000-0000-0000-0000-000000000000
missionExpansionVersion = 
saveMD5 = 7faacb35ddc3780dce0137a7126b2bfc
