vesselCount = 6
UT = 5040111.0624472508
gameMode = CAREER
gameNull = False
gameCompatible = True
funds = 166119.0567328835
science = 4
reputationPercent = 48
ongoingContracts = 12
missionCurrentScore = 0
missionIsStarted = False
missionIsEnded = False
missionHistoryId = 00000000-0000-0000-0000-000000000000
missionExpansionVersion = 
saveMD5 = 9bebad966024a8825d4bb3db50311ee0
