vesselCount = 4
UT = 4472589.5410697944
gameMode = CAREER
gameNull = False
gameCompatible = True
funds = 155602.58143240589
science = 44
reputationPercent = 44
ongoingContracts = 10
missionCurrentScore = 0
missionIsStarted = False
missionIsEnded = False
missionHistoryId = 00000000-0000-0000-0000-000000000000
missionExpansionVersion = 
saveMD5 = 38ea300fed20afa8c53f33758e0c3b38
