vesselCount = 1
UT = 1714039.7282505969
gameMode = CAREER
gameNull = False
gameCompatible = True
funds = 191004.75471911271
science = 33
reputationPercent = 20
ongoingContracts = 10
missionCurrentScore = 0
missionIsStarted = False
missionIsEnded = False
missionHistoryId = 00000000-0000-0000-0000-000000000000
missionExpansionVersion = 
saveMD5 = 30f6ed9efba8134957e41c2f607c4b24
