vesselCount = 0
UT = 1023209.7215806657
gameMode = CAREER
gameNull = False
gameCompatible = True
funds = 125739.45939349967
science = 6
reputationPercent = 15
ongoingContracts = 3
missionCurrentScore = 0
missionIsStarted = False
missionIsEnded = False
missionHistoryId = 00000000-0000-0000-0000-000000000000
missionExpansionVersion = 
saveMD5 = 3c840fc23d14b428102477cb5dec513d
