vesselCount = 0
UT = 1238408.6819941874
gameMode = CAREER
gameNull = False
gameCompatible = True
funds = 58545.34003992191
science = 4
reputationPercent = 18
ongoingContracts = 6
missionCurrentScore = 0
missionIsStarted = False
missionIsEnded = False
missionHistoryId = 00000000-0000-0000-0000-000000000000
missionExpansionVersion = 
saveMD5 = 6956f882d735fdb1a1eb3e9bd38313a4
