vesselCount = 4
UT = 4464974.9796038214
gameMode = CAREER
gameNull = False
gameCompatible = True
funds = 72323.595777383365
science = 35
reputationPercent = 43
ongoingContracts = 11
missionCurrentScore = 0
missionIsStarted = False
missionIsEnded = False
missionHistoryId = 00000000-0000-0000-0000-000000000000
missionExpansionVersion = 
saveMD5 = 95a5b451d1a9c7527229df58696a0433
