vesselCount = 6
UT = 5146208.2492016051
gameMode = CAREER
gameNull = False
gameCompatible = True
funds = 158478.63030963187
science = 14
reputationPercent = 47
ongoingContracts = 12
missionCurrentScore = 0
missionIsStarted = False
missionIsEnded = False
missionHistoryId = 00000000-0000-0000-0000-000000000000
missionExpansionVersion = 
saveMD5 = 85645902600b8c859ace7bc73f8944db
