vesselCount = 0
UT = 830532.74172232486
gameMode = CAREER
gameNull = False
gameCompatible = True
funds = 210162.56398589397
science = 41
reputationPercent = 11
ongoingContracts = 2
missionCurrentScore = 0
missionIsStarted = False
missionIsEnded = False
missionHistoryId = 00000000-0000-0000-0000-000000000000
missionExpansionVersion = 
saveMD5 = 1a28f3adfdce9440c75b195c213a4fd1
