vesselCount = 2
UT = 3724388.8273110939
gameMode = CAREER
gameNull = False
gameCompatible = True
funds = 370610.36927424697
science = 20
reputationPercent = 34
ongoingContracts = 8
missionCurrentScore = 0
missionIsStarted = False
missionIsEnded = False
missionHistoryId = 00000000-0000-0000-0000-000000000000
missionExpansionVersion = 
saveMD5 = 9f0e1e180f951191e4fdb5ac41fa502f
