vesselCount = 8
UT = 4831387.0484587923
gameMode = CAREER
gameNull = False
gameCompatible = True
funds = 151432.9470599264
science = 13
reputationPercent = 46
ongoingContracts = 12
missionCurrentScore = 0
missionIsStarted = False
missionIsEnded = False
missionHistoryId = 00000000-0000-0000-0000-000000000000
missionExpansionVersion = 
saveMD5 = 4eaba67f73d921ae947fa67ecc281635
