vesselCount = 0
UT = 1510632.7973320007
gameMode = CAREER
gameNull = False
gameCompatible = True
funds = 151390.2362221751
science = 14
reputationPercent = 20
ongoingContracts = 5
missionCurrentScore = 0
missionIsStarted = False
missionIsEnded = False
missionHistoryId = 00000000-0000-0000-0000-000000000000
missionExpansionVersion = 
saveMD5 = 68844ea6eaa6e72ccf4d055ea1792a72
