vesselCount = 4
UT = 4515367.5483331224
gameMode = CAREER
gameNull = False
gameCompatible = True
funds = 102211.10926563118
science = 47
reputationPercent = 44
ongoingContracts = 9
missionCurrentScore = 0
missionIsStarted = False
missionIsEnded = False
missionHistoryId = 00000000-0000-0000-0000-000000000000
missionExpansionVersion = 
saveMD5 = 248ee02bc1744d2638ffbd29c3db2579
