vesselCount = 7
UT = 5172857.3450003872
gameMode = CAREER
gameNull = False
gameCompatible = True
funds = 160348.23999274318
science = 15
reputationPercent = 47
ongoingContracts = 12
missionCurrentScore = 0
missionIsStarted = False
missionIsEnded = False
missionHistoryId = 00000000-0000-0000-0000-000000000000
missionExpansionVersion = 
saveMD5 = 6bb9851ef7dc8e3426ca43d7dbe2b7aa
