vesselCount = 1
UT = 3080356.5934840301
gameMode = CAREER
gameNull = False
gameCompatible = True
funds = 149527.47483961625
science = 46
reputationPercent = 29
ongoingContracts = 7
missionCurrentScore = 0
missionIsStarted = False
missionIsEnded = False
missionHistoryId = 00000000-0000-0000-0000-000000000000
missionExpansionVersion = 
saveMD5 = 82feb64a61d6832c4e8e08af0ca549fa
