vesselCount = 0
UT = 2186066.6962600746
gameMode = CAREER
gameNull = False
gameCompatible = True
funds = 339809.15664843342
science = 12
reputationPercent = 24
ongoingContracts = 7
missionCurrentScore = 0
missionIsStarted = False
missionIsEnded = False
missionHistoryId = 00000000-0000-0000-0000-000000000000
missionExpansionVersion = 
saveMD5 = 2fd7dbbbda05482b8669d16ed54a2239
