vesselCount = 0
UT = 785045.46614313673
gameMode = CAREER
gameNull = False
gameCompatible = True
funds = 210376.56419856119
science = 41
reputationPercent = 11
ongoingContracts = 2
missionCurrentScore = 0
missionIsStarted = False
missionIsEnded = False
missionHistoryId = 00000000-0000-0000-0000-000000000000
missionExpansionVersion = 
saveMD5 = 262f702091bfa578b806b7ca7a570e33
