vesselCount = 1
UT = 3080882.1734845196
gameMode = CAREER
gameNull = False
gameCompatible = True
funds = 135447.47483961625
science = 46
reputationPercent = 29
ongoingContracts = 7
missionCurrentScore = 0
missionIsStarted = False
missionIsEnded = False
missionHistoryId = 00000000-0000-0000-0000-000000000000
missionExpansionVersion = 
saveMD5 = 820d8a54dc686a6d0841e47b9b397b93
