vesselCount = 0
UT = 2069200.4914509293
gameMode = CAREER
gameNull = False
gameCompatible = True
funds = 255574.42584700801
science = 2
reputationPercent = 22
ongoingContracts = 10
missionCurrentScore = 0
missionIsStarted = False
missionIsEnded = False
missionHistoryId = 00000000-0000-0000-0000-000000000000
missionExpansionVersion = 
saveMD5 = 2af242df691292e45d2d52f330493018
