vesselCount = 0
UT = 2880009.519614913
gameMode = CAREER
gameNull = False
gameCompatible = True
funds = 344604.22617368272
science = 12
reputationPercent = 24
ongoingContracts = 10
missionCurrentScore = 0
missionIsStarted = False
missionIsEnded = False
missionHistoryId = 00000000-0000-0000-0000-000000000000
missionExpansionVersion = 
saveMD5 = 7435f42863862b76a9141f4a84466eed
