vesselCount = 0
UT = 2249187.5113603119
gameMode = CAREER
gameNull = False
gameCompatible = True
funds = 338879.07412890217
science = 12
reputationPercent = 24
ongoingContracts = 7
missionCurrentScore = 0
missionIsStarted = False
missionIsEnded = False
missionHistoryId = 00000000-0000-0000-0000-000000000000
missionExpansionVersion = 
saveMD5 = 3fe25ff4a69e9592b5f7dadcebcb12a6
