vesselCount = 2
UT = 4137107.5269615799
gameMode = CAREER
gameNull = False
gameCompatible = True
funds = 129809.4722285679
science = 31
reputationPercent = 39
ongoingContracts = 11
missionCurrentScore = 0
missionIsStarted = False
missionIsEnded = False
missionHistoryId = 00000000-0000-0000-0000-000000000000
missionExpansionVersion = 
saveMD5 = 00ec05e805b709607a8764aa875ea377
