vesselCount = 6
UT = 4780806.5933117196
gameMode = CAREER
gameNull = False
gameCompatible = True
funds = 147838.9470599264
science = 9
reputationPercent = 46
ongoingContracts = 12
missionCurrentScore = 0
missionIsStarted = False
missionIsEnded = False
missionHistoryId = 00000000-0000-0000-0000-000000000000
missionExpansionVersion = 
saveMD5 = 26d66e3a1166a192e7e55e76ae0c3548
