vesselCount = 2
UT = 3423878.3244081172
gameMode = CAREER
gameNull = False
gameCompatible = True
funds = 298063.81624810066
science = 69
reputationPercent = 31
ongoingContracts = 8
missionCurrentScore = 0
missionIsStarted = False
missionIsEnded = False
missionHistoryId = 00000000-0000-0000-0000-000000000000
missionExpansionVersion = 
saveMD5 = 7a87d63bf5725ef144ffcdf1d16103a5
