vesselCount = 0
UT = 2016009.6690286973
gameMode = CAREER
gameNull = False
gameCompatible = True
funds = 255684.4859433471
science = 1
reputationPercent = 22
ongoingContracts = 10
missionCurrentScore = 0
missionIsStarted = False
missionIsEnded = False
missionHistoryId = 00000000-0000-0000-0000-000000000000
missionExpansionVersion = 
saveMD5 = 1eb09b6358316218c80336133798635c
