vesselCount = 1
UT = 3464203.58684971
gameMode = CAREER
gameNull = False
gameCompatible = True
funds = 290143.75464445859
science = 69
reputationPercent = 32
ongoingContracts = 8
missionCurrentScore = 0
missionIsStarted = False
missionIsEnded = False
missionHistoryId = 00000000-0000-0000-0000-000000000000
missionExpansionVersion = 
saveMD5 = 613ea381011c41441894ac07b59989eb
