vesselCount = 0
UT = 1972023.7593021085
gameMode = CAREER
gameNull = False
gameCompatible = True
funds = 265294.4859433471
science = 1
reputationPercent = 22
ongoingContracts = 10
missionCurrentScore = 0
missionIsStarted = False
missionIsEnded = False
missionHistoryId = 00000000-0000-0000-0000-000000000000
missionExpansionVersion = 
saveMD5 = 2c910c108bb43e02f4bd21c3829a4532
