vesselCount = 0
UT = 857946.92788637592
gameMode = CAREER
gameNull = False
gameCompatible = True
funds = 113735.19498017832
science = 9
reputationPercent = 14
ongoingContracts = 3
missionCurrentScore = 0
missionIsStarted = False
missionIsEnded = False
missionHistoryId = 00000000-0000-0000-0000-000000000000
missionExpansionVersion = 
saveMD5 = 3417685a3b20a68683f97274cbc24faf
