vesselCount = 1
UT = 2966919.6294208812
gameMode = CAREER
gameNull = False
gameCompatible = True
funds = 407167.39072446397
science = 22
reputationPercent = 26
ongoingContracts = 9
missionCurrentScore = 0
missionIsStarted = False
missionIsEnded = False
missionHistoryId = 00000000-0000-0000-0000-000000000000
missionExpansionVersion = 
saveMD5 = 5daff5cc35feff51aee3e2fa166cccb3
