vesselCount = 1
UT = 3347226.3521745983
gameMode = CAREER
gameNull = False
gameCompatible = True
funds = 283298.0061113289
science = 69
reputationPercent = 32
ongoingContracts = 10
missionCurrentScore = 0
missionIsStarted = False
missionIsEnded = False
missionHistoryId = 00000000-0000-0000-0000-000000000000
missionExpansionVersion = 
saveMD5 = 23d8aed2361fa019892fa629198521f4
