vesselCount = 2
UT = 3861518.7092796946
gameMode = CAREER
gameNull = False
gameCompatible = True
funds = 120799.18825985304
science = 27
reputationPercent = 34
ongoingContracts = 9
missionCurrentScore = 0
missionIsStarted = False
missionIsEnded = False
missionHistoryId = 00000000-0000-0000-0000-000000000000
missionExpansionVersion = 
saveMD5 = 2703a4520f5bae0560d69dbd8fe68415
