vesselCount = 3
UT = 4310245.8123247596
gameMode = CAREER
gameNull = False
gameCompatible = True
funds = 249636.2793338013
science = 5
reputationPercent = 40
ongoingContracts = 11
missionCurrentScore = 0
missionIsStarted = False
missionIsEnded = False
missionHistoryId = 00000000-0000-0000-0000-000000000000
missionExpansionVersion = 
saveMD5 = 0f11d5dc992d2dc99e67b9aeeadcc8b6
