vesselCount = 2
UT = 1928775.3923286437
gameMode = CAREER
gameNull = False
gameCompatible = True
funds = 241957.84027414126
science = 4
reputationPercent = 22
ongoingContracts = 8
missionCurrentScore = 0
missionIsStarted = False
missionIsEnded = False
missionHistoryId = 00000000-0000-0000-0000-000000000000
missionExpansionVersion = 
saveMD5 = 57a1ee813e81bf63ec5b3cf47d5d3aa5
