vesselCount = 0
UT = 244488.00815205975
gameMode = CAREER
gameNull = False
gameCompatible = True
funds = 62469.594794635661
science = 10
reputationPercent = 1
ongoingContracts = 3
missionCurrentScore = 0
missionIsStarted = False
missionIsEnded = False
missionHistoryId = 00000000-0000-0000-0000-000000000000
missionExpansionVersion = 
saveMD5 = 7feb4ee5e565863aab81edb9ecc675ac
