vesselCount = 0
UT = 2249323.8513604389
gameMode = CAREER
gameNull = False
gameCompatible = True
funds = 335490.82032291067
science = 12
reputationPercent = 24
ongoingContracts = 7
missionCurrentScore = 0
missionIsStarted = False
missionIsEnded = False
missionHistoryId = 00000000-0000-0000-0000-000000000000
missionExpansionVersion = 
saveMD5 = 5d55bb34a87afc53ea5e39e5b1bdb25a
