vesselCount = 3
UT = 4307498.8867760748
gameMode = CAREER
gameNull = False
gameCompatible = True
funds = 188842.38498437061
science = 37
reputationPercent = 39
ongoingContracts = 12
missionCurrentScore = 0
missionIsStarted = False
missionIsEnded = False
missionHistoryId = 00000000-0000-0000-0000-000000000000
missionExpansionVersion = 
saveMD5 = 46f7488511ab86a230358e5bc0f2d1d2
