vesselCount = 0
UT = 2959376.0817054664
gameMode = CAREER
gameNull = False
gameCompatible = True
funds = 339387.39023618272
science = 12
reputationPercent = 24
ongoingContracts = 10
missionCurrentScore = 0
missionIsStarted = False
missionIsEnded = False
missionHistoryId = 00000000-0000-0000-0000-000000000000
missionExpansionVersion = 
saveMD5 = 3a0e88fb887e890350590c5768b0963f
