vesselCount = 2
UT = 4137107.5269615799
gameMode = CAREER
gameNull = False
gameCompatible = True
funds = 145713.7339473179
science = 31
reputationPercent = 39
ongoingContracts = 11
missionCurrentScore = 0
missionIsStarted = False
missionIsEnded = False
missionHistoryId = 00000000-0000-0000-0000-000000000000
missionExpansionVersion = 
saveMD5 = 592c1d82b6655ed9d0dd2e3cf5435101
