vesselCount = 5
UT = 4557653.6072746925
gameMode = CAREER
gameNull = False
gameCompatible = True
funds = 73251.142468756181
science = 47
reputationPercent = 44
ongoingContracts = 9
missionCurrentScore = 0
missionIsStarted = False
missionIsEnded = False
missionHistoryId = 00000000-0000-0000-0000-000000000000
missionExpansionVersion = 
saveMD5 = 821f7b75f594b5ae89ec91221ff1e760
