vesselCount = 1
UT = 3441222.3104238049
gameMode = CAREER
gameNull = False
gameCompatible = True
funds = 298063.75464445859
science = 69
reputationPercent = 32
ongoingContracts = 8
missionCurrentScore = 0
missionIsStarted = False
missionIsEnded = False
missionHistoryId = 00000000-0000-0000-0000-000000000000
missionExpansionVersion = 
saveMD5 = 95122b243bc943f5d6640dd8121fffe6
