vesselCount = 2
UT = 3513871.847670659
gameMode = CAREER
gameNull = False
gameCompatible = True
funds = 283442.1511712721
science = 27
reputationPercent = 32
ongoingContracts = 8
missionCurrentScore = 0
missionIsStarted = False
missionIsEnded = False
missionHistoryId = 00000000-0000-0000-0000-000000000000
missionExpansionVersion = 
saveMD5 = 3546d3305acde5b8ff79733b72009034
