vesselCount = 1
UT = 3031883.3259022185
gameMode = CAREER
gameNull = False
gameCompatible = True
funds = 102221.61455484893
science = 40
reputationPercent = 28
ongoingContracts = 8
missionCurrentScore = 0
missionIsStarted = False
missionIsEnded = False
missionHistoryId = 00000000-0000-0000-0000-000000000000
missionExpansionVersion = 
saveMD5 = 039e8168a2489b867363968bef3966c7
