vesselCount = 0
UT = 1196735.4752847578
gameMode = CAREER
gameNull = False
gameCompatible = True
funds = 64548.340250156441
science = 2
reputationPercent = 18
ongoingContracts = 6
missionCurrentScore = 0
missionIsStarted = False
missionIsEnded = False
missionHistoryId = 00000000-0000-0000-0000-000000000000
missionExpansionVersion = 
saveMD5 = 5bd7e0a74d7b2caafc4ee604d1cdd526
