vesselCount = 3
UT = 3874455.2566832523
gameMode = CAREER
gameNull = False
gameCompatible = True
funds = 188537.51121615685
science = 12
reputationPercent = 35
ongoingContracts = 10
missionCurrentScore = 0
missionIsStarted = False
missionIsEnded = False
missionHistoryId = 00000000-0000-0000-0000-000000000000
missionExpansionVersion = 
saveMD5 = 5d0e7b3c060eb904fa1d08375adfafbc
