vesselCount = 2
UT = 4137107.5269615799
gameMode = CAREER
gameNull = False
gameCompatible = True
funds = 145513.7339473179
science = 31
reputationPercent = 39
ongoingContracts = 11
missionCurrentScore = 0
missionIsStarted = False
missionIsEnded = False
missionHistoryId = 00000000-0000-0000-0000-000000000000
missionExpansionVersion = 
saveMD5 = 85f6f830f9ceee3bcf7e5c735373a390
