vesselCount = 0
UT = 979648.90855858009
gameMode = CAREER
gameNull = False
gameCompatible = True
funds = 113765.19472214245
science = 8
reputationPercent = 14
ongoingContracts = 3
missionCurrentScore = 0
missionIsStarted = False
missionIsEnded = False
missionHistoryId = 00000000-0000-0000-0000-000000000000
missionExpansionVersion = 
saveMD5 = 1160f61ee62b0da55381c80dfc7dcd73
