vesselCount = 0
UT = 633786.77474071342
gameMode = CAREER
gameNull = False
gameCompatible = True
funds = 162273.36068050296
science = 30
reputationPercent = 7
ongoingContracts = 2
missionCurrentScore = 0
missionIsStarted = False
missionIsEnded = False
missionHistoryId = 00000000-0000-0000-0000-000000000000
missionExpansionVersion = 
saveMD5 = 301c24e4aad598f39f4267e7777eef2e
