vesselCount = 1
UT = 3347269.4121746384
gameMode = CAREER
gameNull = False
gameCompatible = True
funds = 283298.0061113289
science = 69
reputationPercent = 32
ongoingContracts = 10
missionCurrentScore = 0
missionIsStarted = False
missionIsEnded = False
missionHistoryId = 00000000-0000-0000-0000-000000000000
missionExpansionVersion = 
saveMD5 = 754fdcb17036f40a0f9bacff8faff8c2
