vesselCount = 3
UT = 4123165.4581009811
gameMode = CAREER
gameNull = False
gameCompatible = True
funds = 85033.52026906691
science = 19
reputationPercent = 38
ongoingContracts = 12
missionCurrentScore = 0
missionIsStarted = False
missionIsEnded = False
missionHistoryId = 00000000-0000-0000-0000-000000000000
missionExpansionVersion = 
saveMD5 = 250cc8d57cf6e43774c18385af875728
