vesselCount = 0
UT = 1876047.9506870487
gameMode = CAREER
gameNull = False
gameCompatible = True
funds = 246465.54030084712
science = 27
reputationPercent = 21
ongoingContracts = 8
missionCurrentScore = 0
missionIsStarted = False
missionIsEnded = False
missionHistoryId = 00000000-0000-0000-0000-000000000000
missionExpansionVersion = 
saveMD5 = 05baf080245c912de41e4b5a74b0c3e9
