vesselCount = 3
UT = 4306936.8067886382
gameMode = CAREER
gameNull = False
gameCompatible = True
funds = 167578.91138371662
science = 37
reputationPercent = 39
ongoingContracts = 10
missionCurrentScore = 0
missionIsStarted = False
missionIsEnded = False
missionHistoryId = 00000000-0000-0000-0000-000000000000
missionExpansionVersion = 
saveMD5 = 4af7c869b5f1019f96709ec3540074f4
