vesselCount = 2
UT = 3593266.7243118454
gameMode = CAREER
gameNull = False
gameCompatible = True
funds = 279012.57451111585
science = 27
reputationPercent = 32
ongoingContracts = 8
missionCurrentScore = 0
missionIsStarted = False
missionIsEnded = False
missionHistoryId = 00000000-0000-0000-0000-000000000000
missionExpansionVersion = 
saveMD5 = 9b5c15f487f65e39e78efbf668f7b518
