vesselCount = 0
UT = 1047175.1283018807
gameMode = CAREER
gameNull = False
gameCompatible = True
funds = 118134.45939349967
science = 6
reputationPercent = 15
ongoingContracts = 3
missionCurrentScore = 0
missionIsStarted = False
missionIsEnded = False
missionHistoryId = 00000000-0000-0000-0000-000000000000
missionExpansionVersion = 
saveMD5 = 87d4ea6372586e9bdbfc21b6b8c74822
