vesselCount = 6
UT = 4682683.8199157212
gameMode = CAREER
gameNull = False
gameCompatible = True
funds = 168883.9690443007
science = 26
reputationPercent = 46
ongoingContracts = 12
missionCurrentScore = 0
missionIsStarted = False
missionIsEnded = False
missionHistoryId = 00000000-0000-0000-0000-000000000000
missionExpansionVersion = 
saveMD5 = 93a220596246962b239f49e727c6d0a8
