vesselCount = 2
UT = 4011679.5568305957
gameMode = CAREER
gameNull = False
gameCompatible = True
funds = 151612.43660903655
science = 31
reputationPercent = 38
ongoingContracts = 9
missionCurrentScore = 0
missionIsStarted = False
missionIsEnded = False
missionHistoryId = 00000000-0000-0000-0000-000000000000
missionExpansionVersion = 
saveMD5 = 2fc5dbc1b2e7f29a7a37645ec24c56b2
