vesselCount = 6
UT = 5041295.3870529253
gameMode = CAREER
gameNull = False
gameCompatible = True
funds = 173815.13576247339
science = 4
reputationPercent = 46
ongoingContracts = 12
missionCurrentScore = 0
missionIsStarted = False
missionIsEnded = False
missionHistoryId = 00000000-0000-0000-0000-000000000000
missionExpansionVersion = 
saveMD5 = 97150b36504e1ac951b6f31d430bb605
