vesselCount = 0
UT = 786633.24614461546
gameMode = CAREER
gameNull = False
gameCompatible = True
funds = 210376.56419856119
science = 41
reputationPercent = 11
ongoingContracts = 2
missionCurrentScore = 0
missionIsStarted = False
missionIsEnded = False
missionHistoryId = 00000000-0000-0000-0000-000000000000
missionExpansionVersion = 
saveMD5 = 5e9f7d9c393e6435546b4eaf0f847d13
