vesselCount = 7
UT = 5172318.4850124316
gameMode = CAREER
gameNull = False
gameCompatible = True
funds = 158576.57731116359
science = 15
reputationPercent = 47
ongoingContracts = 12
missionCurrentScore = 0
missionIsStarted = False
missionIsEnded = False
missionHistoryId = 00000000-0000-0000-0000-000000000000
missionExpansionVersion = 
saveMD5 = 424d39accaf5844c66acb621b7207af1
