vesselCount = 8
UT = 4894741.3025215128
gameMode = CAREER
gameNull = False
gameCompatible = True
funds = 138120.34708434046
science = 18
reputationPercent = 46
ongoingContracts = 12
missionCurrentScore = 0
missionIsStarted = False
missionIsEnded = False
missionHistoryId = 00000000-0000-0000-0000-000000000000
missionExpansionVersion = 
saveMD5 = 8c6118f137193e3ec0bfe35e3c7d6a6a
