vesselCount = 3
UT = 4136937.1869614213
gameMode = CAREER
gameNull = False
gameCompatible = True
funds = 132673.52026906691
science = 25
reputationPercent = 39
ongoingContracts = 11
missionCurrentScore = 0
missionIsStarted = False
missionIsEnded = False
missionHistoryId = 00000000-0000-0000-0000-000000000000
missionExpansionVersion = 
saveMD5 = 344c8b0d1b2c14e49c961e0b81454a7f
