vesselCount = 7
UT = 5179770.7340591652
gameMode = CAREER
gameNull = False
gameCompatible = True
funds = 160348.23999274318
science = 15
reputationPercent = 47
ongoingContracts = 12
missionCurrentScore = 0
missionIsStarted = False
missionIsEnded = False
missionHistoryId = 00000000-0000-0000-0000-000000000000
missionExpansionVersion = 
saveMD5 = 878926eb8a9d51c2c117792624654f88
