vesselCount = 4
UT = 4506252.512889321
gameMode = CAREER
gameNull = False
gameCompatible = True
funds = 155602.58143240589
science = 44
reputationPercent = 44
ongoingContracts = 10
missionCurrentScore = 0
missionIsStarted = False
missionIsEnded = False
missionHistoryId = 00000000-0000-0000-0000-000000000000
missionExpansionVersion = 
saveMD5 = 85cbd38181d63c87f7b418457bb0c8c2
