vesselCount = 2
UT = 3895215.0649894723
gameMode = CAREER
gameNull = False
gameCompatible = True
funds = 287842.56915526907
science = 21
reputationPercent = 37
ongoingContracts = 9
missionCurrentScore = 0
missionIsStarted = False
missionIsEnded = False
missionHistoryId = 00000000-0000-0000-0000-000000000000
missionExpansionVersion = 
saveMD5 = 2947bb4be1a1d32d92beeb7c07fe70b0
