vesselCount = 2
UT = 4137011.0869614901
gameMode = CAREER
gameNull = False
gameCompatible = True
funds = 145713.7339473179
science = 31
reputationPercent = 39
ongoingContracts = 11
missionCurrentScore = 0
missionIsStarted = False
missionIsEnded = False
missionHistoryId = 00000000-0000-0000-0000-000000000000
missionExpansionVersion = 
saveMD5 = 651ba5067b97624241c0e81ea410dd00
