vesselCount = 4
UT = 4557604.1272757985
gameMode = CAREER
gameNull = False
gameCompatible = True
funds = 73251.143445318681
science = 47
reputationPercent = 44
ongoingContracts = 9
missionCurrentScore = 0
missionIsStarted = False
missionIsEnded = False
missionHistoryId = 00000000-0000-0000-0000-000000000000
missionExpansionVersion = 
saveMD5 = 769ce1648ee670e45fc3039efd1fa7c8
