vesselCount = 2
UT = 3513727.6076705246
gameMode = CAREER
gameNull = False
gameCompatible = True
funds = 287921.72783142835
science = 27
reputationPercent = 32
ongoingContracts = 8
missionCurrentScore = 0
missionIsStarted = False
missionIsEnded = False
missionHistoryId = 00000000-0000-0000-0000-000000000000
missionExpansionVersion = 
saveMD5 = 7145012e39d796a6152570e9920a5c28
