vesselCount = 1
UT = 3032090.3659024113
gameMode = CAREER
gameNull = False
gameCompatible = True
funds = 94301.614554848929
science = 40
reputationPercent = 28
ongoingContracts = 8
missionCurrentScore = 0
missionIsStarted = False
missionIsEnded = False
missionHistoryId = 00000000-0000-0000-0000-000000000000
missionExpansionVersion = 
saveMD5 = 00fdf63c6cd1eea0e84fc233fa1775a5
