vesselCount = 1
UT = 3125963.5268685049
gameMode = CAREER
gameNull = False
gameCompatible = True
funds = 133888.41331617875
science = 30
reputationPercent = 29
ongoingContracts = 8
missionCurrentScore = 0
missionIsStarted = False
missionIsEnded = False
missionHistoryId = 00000000-0000-0000-0000-000000000000
missionExpansionVersion = 
saveMD5 = 17f73d5887b1870833836d155982d53a
