vesselCount = 1
UT = 3464293.6268497938
gameMode = CAREER
gameNull = False
gameCompatible = True
funds = 292351.3054681471
science = 69
reputationPercent = 32
ongoingContracts = 8
missionCurrentScore = 0
missionIsStarted = False
missionIsEnded = False
missionHistoryId = 00000000-0000-0000-0000-000000000000
missionExpansionVersion = 
saveMD5 = 1f12b7c9f47eaf5db8c3a28ba3dce375
