vesselCount = 2
UT = 3895292.8649895447
gameMode = CAREER
gameNull = False
gameCompatible = True
funds = 137842.56915526907
science = 21
reputationPercent = 37
ongoingContracts = 9
missionCurrentScore = 0
missionIsStarted = False
missionIsEnded = False
missionHistoryId = 00000000-0000-0000-0000-000000000000
missionExpansionVersion = 
saveMD5 = 3ba37145a0c892dafdcda38134213563
