vesselCount = 5
UT = 4634465.8827828271
gameMode = CAREER
gameNull = False
gameCompatible = True
funds = 177740.6887708632
science = 26
reputationPercent = 46
ongoingContracts = 12
missionCurrentScore = 0
missionIsStarted = False
missionIsEnded = False
missionHistoryId = 00000000-0000-0000-0000-000000000000
missionExpansionVersion = 
saveMD5 = 3a5dd5496817cd1dfcb43c255e910b6a
