vesselCount = 0
UT = 2185593.2162596337
gameMode = CAREER
gameNull = False
gameCompatible = True
funds = 333131.70943278691
science = 11
reputationPercent = 24
ongoingContracts = 7
missionCurrentScore = 0
missionIsStarted = False
missionIsEnded = False
missionHistoryId = 00000000-0000-0000-0000-000000000000
missionExpansionVersion = 
saveMD5 = 6c88b2109c109ef92e42b2cac2cabbcf
