vesselCount = 2
UT = 3640049.1102692578
gameMode = CAREER
gameNull = False
gameCompatible = True
funds = 274532.9978509596
science = 27
reputationPercent = 32
ongoingContracts = 8
missionCurrentScore = 0
missionIsStarted = False
missionIsEnded = False
missionHistoryId = 00000000-0000-0000-0000-000000000000
missionExpansionVersion = 
saveMD5 = 851bcf09121cbd2a43e385d3c2567f68
