vesselCount = 2
UT = 3808866.7440218651
gameMode = CAREER
gameNull = False
gameCompatible = True
funds = 226363.72589721438
science = 20
reputationPercent = 34
ongoingContracts = 9
missionCurrentScore = 0
missionIsStarted = False
missionIsEnded = False
missionHistoryId = 00000000-0000-0000-0000-000000000000
missionExpansionVersion = 
saveMD5 = 7443940d91252cb06527fa278506013c
