vesselCount = 5
UT = 4681817.9670764292
gameMode = CAREER
gameNull = False
gameCompatible = True
funds = 168833.9700208632
science = 26
reputationPercent = 46
ongoingContracts = 12
missionCurrentScore = 0
missionIsStarted = False
missionIsEnded = False
missionHistoryId = 00000000-0000-0000-0000-000000000000
missionExpansionVersion = 
saveMD5 = 2a324fb604f0b2dd9d25de3e2f0b3638
