vesselCount = 4
UT = 4412721.6742276093
gameMode = CAREER
gameNull = False
gameCompatible = True
funds = 300976.88365182403
science = 29
reputationPercent = 41
ongoingContracts = 11
missionCurrentScore = 0
missionIsStarted = False
missionIsEnded = False
missionHistoryId = 00000000-0000-0000-0000-000000000000
missionExpansionVersion = 
saveMD5 = 0f8289afbccd030d0252840b2f484f22
