vesselCount = 0
UT = 1329440.5905725963
gameMode = CAREER
gameNull = False
gameCompatible = True
funds = 142212.30402644956
science = 2
reputationPercent = 20
ongoingContracts = 6
missionCurrentScore = 0
missionIsStarted = False
missionIsEnded = False
missionHistoryId = 00000000-0000-0000-0000-000000000000
missionExpansionVersion = 
saveMD5 = 174dd3a58db82f146685c05911d4f5a5
