vesselCount = 4
UT = 4306124.0962422946
gameMode = CAREER
gameNull = False
gameCompatible = True
funds = 160714.06354418234
science = 37
reputationPercent = 39
ongoingContracts = 10
missionCurrentScore = 0
missionIsStarted = False
missionIsEnded = False
missionHistoryId = 00000000-0000-0000-0000-000000000000
missionExpansionVersion = 
saveMD5 = 43bb31cd734790fd778faa42d4529c36
