vesselCount = 0
UT = 2249258.7513603782
gameMode = CAREER
gameNull = False
gameCompatible = True
funds = 339804.82032291067
science = 12
reputationPercent = 24
ongoingContracts = 7
missionCurrentScore = 0
missionIsStarted = False
missionIsEnded = False
missionHistoryId = 00000000-0000-0000-0000-000000000000
missionExpansionVersion = 
saveMD5 = 1190e54d846da14905fd61ab1f5e88bb
