vesselCount = 2
UT = 4157868.2389013804
gameMode = CAREER
gameNull = False
gameCompatible = True
funds = 180047.84381761984
science = 37
reputationPercent = 40
ongoingContracts = 10
missionCurrentScore = 0
missionIsStarted = False
missionIsEnded = False
missionHistoryId = 00000000-0000-0000-0000-000000000000
missionExpansionVersion = 
saveMD5 = 56c55a9c55bd1f5d7b1539f61932aac1
