vesselCount = 2
UT = 3787210.1850456754
gameMode = CAREER
gameNull = False
gameCompatible = True
funds = 368480.36927424697
science = 20
reputationPercent = 34
ongoingContracts = 9
missionCurrentScore = 0
missionIsStarted = False
missionIsEnded = False
missionHistoryId = 00000000-0000-0000-0000-000000000000
missionExpansionVersion = 
saveMD5 = 41d09dc7b174354f3ec41637bef2f3cd
