vesselCount = 1
UT = 3387730.2519430285
gameMode = CAREER
gameNull = False
gameCompatible = True
funds = 312443.73290793266
science = 69
reputationPercent = 32
ongoingContracts = 10
missionCurrentScore = 0
missionIsStarted = False
missionIsEnded = False
missionHistoryId = 00000000-0000-0000-0000-000000000000
missionExpansionVersion = 
saveMD5 = 7642a880c0cecebf3c865dd28af684f9
