vesselCount = 2
UT = 3788709.3520880863
gameMode = CAREER
gameNull = False
gameCompatible = True
funds = 376363.72589721438
science = 20
reputationPercent = 34
ongoingContracts = 9
missionCurrentScore = 0
missionIsStarted = False
missionIsEnded = False
missionHistoryId = 00000000-0000-0000-0000-000000000000
missionExpansionVersion = 
saveMD5 = 86217a916a54600781e33d2b37be0a99
