vesselCount = 6
UT = 5126399.5883988608
gameMode = CAREER
gameNull = False
gameCompatible = True
funds = 160300.54682498222
science = 14
reputationPercent = 47
ongoingContracts = 12
missionCurrentScore = 0
missionIsStarted = False
missionIsEnded = False
missionHistoryId = 00000000-0000-0000-0000-000000000000
missionExpansionVersion = 
saveMD5 = 4e0957f91372e6e0f8e72109a31c1ca5
