vesselCount = 0
UT = 1713619.6482502057
gameMode = CAREER
gameNull = False
gameCompatible = True
funds = 189084.75471911271
science = 14
reputationPercent = 20
ongoingContracts = 10
missionCurrentScore = 0
missionIsStarted = False
missionIsEnded = False
missionHistoryId = 00000000-0000-0000-0000-000000000000
missionExpansionVersion = 
saveMD5 = 2496e21e67ed12dc34eca8200b6c157c
