vesselCount = 1
UT = 3513494.1476703072
gameMode = CAREER
gameNull = False
gameCompatible = True
funds = 287871.7283197096
science = 27
reputationPercent = 32
ongoingContracts = 8
missionCurrentScore = 0
missionIsStarted = False
missionIsEnded = False
missionHistoryId = 00000000-0000-0000-0000-000000000000
missionExpansionVersion = 
saveMD5 = 160947acf09d34bc874e0113c2344a7b
