vesselCount = 1
UT = 3126324.7868688414
gameMode = CAREER
gameNull = False
gameCompatible = True
funds = 185223.71655586638
science = 43
reputationPercent = 31
ongoingContracts = 7
missionCurrentScore = 0
missionIsStarted = False
missionIsEnded = False
missionHistoryId = 00000000-0000-0000-0000-000000000000
missionExpansionVersion = 
saveMD5 = 146758892a6f53fb13b48fc3b0f317d8
