vesselCount = 0
UT = 1510291.9573316833
gameMode = CAREER
gameNull = False
gameCompatible = True
funds = 157760.2362221751
science = 14
reputationPercent = 20
ongoingContracts = 5
missionCurrentScore = 0
missionIsStarted = False
missionIsEnded = False
missionHistoryId = 00000000-0000-0000-0000-000000000000
missionExpansionVersion = 
saveMD5 = 995e7049e6c2b0d8dbe66ee951b6a2c8
