vesselCount = 4
UT = 4440173.0205245977
gameMode = CAREER
gameNull = False
gameCompatible = True
funds = 372323.59577738337
science = 35
reputationPercent = 43
ongoingContracts = 11
missionCurrentScore = 0
missionIsStarted = False
missionIsEnded = False
missionHistoryId = 00000000-0000-0000-0000-000000000000
missionExpansionVersion = 
saveMD5 = 9f66052e45e0b9d4dda545b635c40eca
