vesselCount = 0
UT = 831075.68172283052
gameMode = CAREER
gameNull = False
gameCompatible = True
funds = 220615.14321195759
science = 3
reputationPercent = 14
ongoingContracts = 1
missionCurrentScore = 0
missionIsStarted = False
missionIsEnded = False
missionHistoryId = 00000000-0000-0000-0000-000000000000
missionExpansionVersion = 
saveMD5 = 9b921e3464796d2cf161244431540a0c
