vesselCount = 6
UT = 5061606.6626644731
gameMode = CAREER
gameNull = False
gameCompatible = True
funds = 154610.53493239527
science = 4
reputationPercent = 46
ongoingContracts = 12
missionCurrentScore = 0
missionIsStarted = False
missionIsEnded = False
missionHistoryId = 00000000-0000-0000-0000-000000000000
missionExpansionVersion = 
saveMD5 = 1e0124ef0417772a20fcea96756a49c4
