vesselCount = 0
UT = 676974.00690908893
gameMode = CAREER
gameNull = False
gameCompatible = True
funds = 165627.03376839752
science = 34
reputationPercent = 9
ongoingContracts = 3
missionCurrentScore = 0
missionIsStarted = False
missionIsEnded = False
missionHistoryId = 00000000-0000-0000-0000-000000000000
missionExpansionVersion = 
saveMD5 = 8620b937274f298d004bcd5c846371b8
