vesselCount = 5
UT = 4634465.8827828271
gameMode = CAREER
gameNull = False
gameCompatible = True
funds = 168833.9700208632
science = 26
reputationPercent = 46
ongoingContracts = 12
missionCurrentScore = 0
missionIsStarted = False
missionIsEnded = False
missionHistoryId = 00000000-0000-0000-0000-000000000000
missionExpansionVersion = 
saveMD5 = 72bbce0b3be47e17c95cf81f92656690
