vesselCount = 9
UT = 5146508.3691948969
gameMode = CAREER
gameNull = False
gameCompatible = True
funds = 158478.63030963187
science = 15
reputationPercent = 47
ongoingContracts = 12
missionCurrentScore = 0
missionIsStarted = False
missionIsEnded = False
missionHistoryId = 00000000-0000-0000-0000-000000000000
missionExpansionVersion = 
saveMD5 = 3130d974a5d36c3500b5cb3eb2cf9d8c
