vesselCount = 2
UT = 3701227.7562854462
gameMode = CAREER
gameNull = False
gameCompatible = True
funds = 274582.9978509596
science = 27
reputationPercent = 32
ongoingContracts = 8
missionCurrentScore = 0
missionIsStarted = False
missionIsEnded = False
missionHistoryId = 00000000-0000-0000-0000-000000000000
missionExpansionVersion = 
saveMD5 = 6ce134e3a42496794c1f5a2db589d249
