vesselCount = 4
UT = 4472470.5610724539
gameMode = CAREER
gameNull = False
gameCompatible = True
funds = 151071.30018240589
science = 44
reputationPercent = 44
ongoingContracts = 9
missionCurrentScore = 0
missionIsStarted = False
missionIsEnded = False
missionHistoryId = 00000000-0000-0000-0000-000000000000
missionExpansionVersion = 
saveMD5 = 4fe2263f1fd9baeeaf1fd27d7f4a1432
