vesselCount = 0
UT = 1196765.5752847858
gameMode = CAREER
gameNull = False
gameCompatible = True
funds = 60588.340250156441
science = 2
reputationPercent = 18
ongoingContracts = 7
missionCurrentScore = 0
missionIsStarted = False
missionIsEnded = False
missionHistoryId = 00000000-0000-0000-0000-000000000000
missionExpansionVersion = 
saveMD5 = 5f04925537b8a79014e07105fd7a075a
