vesselCount = 1
UT = 1929075.4123289231
gameMode = CAREER
gameNull = False
gameCompatible = True
funds = 241957.84027414126
science = 4
reputationPercent = 22
ongoingContracts = 8
missionCurrentScore = 0
missionIsStarted = False
missionIsEnded = False
missionHistoryId = 00000000-0000-0000-0000-000000000000
missionExpansionVersion = 
saveMD5 = 7079d89edb2e4a97ba1a9d790693f451
