vesselCount = 0
UT = 598767.0705068165
gameMode = CAREER
gameNull = False
gameCompatible = True
funds = 130310.66849327831
science = 24
reputationPercent = 6
ongoingContracts = 3
missionCurrentScore = 0
missionIsStarted = False
missionIsEnded = False
missionHistoryId = 00000000-0000-0000-0000-000000000000
missionExpansionVersion = 
saveMD5 = 4e4a967ccbc0daeaf1c55a418785a1c7
