vesselCount = 4
UT = 4011532.3368304586
gameMode = CAREER
gameNull = False
gameCompatible = True
funds = 146367.56819544663
science = 25
reputationPercent = 37
ongoingContracts = 9
missionCurrentScore = 0
missionIsStarted = False
missionIsEnded = False
missionHistoryId = 00000000-0000-0000-0000-000000000000
missionExpansionVersion = 
saveMD5 = 535c6fd22aaf3a37a9a3d0b22ff29d6a
