vesselCount = 0
UT = 1716612.9882529934
gameMode = CAREER
gameNull = False
gameCompatible = True
funds = 202679.75248187518
science = 24
reputationPercent = 20
ongoingContracts = 11
missionCurrentScore = 0
missionIsStarted = False
missionIsEnded = False
missionHistoryId = 00000000-0000-0000-0000-000000000000
missionExpansionVersion = 
saveMD5 = 3aa501ed8eac03ad54bc1105b74c0252
