vesselCount = 1
UT = 2967575.3494214918
gameMode = CAREER
gameNull = False
gameCompatible = True
funds = 425167.39072446397
science = 22
reputationPercent = 26
ongoingContracts = 10
missionCurrentScore = 0
missionIsStarted = False
missionIsEnded = False
missionHistoryId = 00000000-0000-0000-0000-000000000000
missionExpansionVersion = 
saveMD5 = 8574dd18e52c1ac599821baae44a87c5
