vesselCount = 3
UT = 4307000.8467872068
gameMode = CAREER
gameNull = False
gameCompatible = True
funds = 188842.38498437061
science = 37
reputationPercent = 39
ongoingContracts = 12
missionCurrentScore = 0
missionIsStarted = False
missionIsEnded = False
missionHistoryId = 00000000-0000-0000-0000-000000000000
missionExpansionVersion = 
saveMD5 = 66c750339ea4b7bf5e9cc29fa2de8d75
