vesselCount = 4
UT = 4413571.3291417705
gameMode = CAREER
gameNull = False
gameCompatible = True
funds = 315536.93833932403
science = 29
reputationPercent = 41
ongoingContracts = 11
missionCurrentScore = 0
missionIsStarted = False
missionIsEnded = False
missionHistoryId = 00000000-0000-0000-0000-000000000000
missionExpansionVersion = 
saveMD5 = 3a199c1d5b91fcd21b4d4917cb249e11
