vesselCount = 0
UT = 1260074.7432167081
gameMode = CAREER
gameNull = False
gameCompatible = True
funds = 95392.276628209263
science = 9
reputationPercent = 19
ongoingContracts = 3
missionCurrentScore = 0
missionIsStarted = False
missionIsEnded = False
missionHistoryId = 00000000-0000-0000-0000-000000000000
missionExpansionVersion = 
saveMD5 = 38221f6fa054c62fbc2e044c917e7960
