vesselCount = 6
UT = 4769571.2765592318
gameMode = CAREER
gameNull = False
gameCompatible = True
funds = 147838.9470599264
science = 39
reputationPercent = 46
ongoingContracts = 12
missionCurrentScore = 0
missionIsStarted = False
missionIsEnded = False
missionHistoryId = 00000000-0000-0000-0000-000000000000
missionExpansionVersion = 
saveMD5 = 1148f63fcd8ccdba31b8b89ae12a7748
