vesselCount = 0
UT = 936205.72616557684
gameMode = CAREER
gameNull = False
gameCompatible = True
funds = 113147.19498017832
science = 10
reputationPercent = 14
ongoingContracts = 3
missionCurrentScore = 0
missionIsStarted = False
missionIsEnded = False
missionHistoryId = 00000000-0000-0000-0000-000000000000
missionExpansionVersion = 
saveMD5 = 65c073c2024518cae70506a0c86260c3
