vesselCount = 2
UT = 3346718.4243811537
gameMode = CAREER
gameNull = False
gameCompatible = True
funds = 270721.71852711117
science = 56
reputationPercent = 32
ongoingContracts = 10
missionCurrentScore = 0
missionIsStarted = False
missionIsEnded = False
missionHistoryId = 00000000-0000-0000-0000-000000000000
missionExpansionVersion = 
saveMD5 = 4a10cedb958bc37576a577692dfc26a4
