vesselCount = 1
UT = 2966979.2294209367
gameMode = CAREER
gameNull = False
gameCompatible = True
funds = 425167.39072446397
science = 22
reputationPercent = 26
ongoingContracts = 10
missionCurrentScore = 0
missionIsStarted = False
missionIsEnded = False
missionHistoryId = 00000000-0000-0000-0000-000000000000
missionExpansionVersion = 
saveMD5 = 56848d8a75b641e1fd49a49d0f8e2190
