vesselCount = 0
UT = 2404802.9356282093
gameMode = CAREER
gameNull = False
gameCompatible = True
funds = 372415.73365078343
science = 12
reputationPercent = 24
ongoingContracts = 10
missionCurrentScore = 0
missionIsStarted = False
missionIsEnded = False
missionHistoryId = 00000000-0000-0000-0000-000000000000
missionExpansionVersion = 
saveMD5 = 8644ae367fa6df2c38b8344ffeac5c9f
