vesselCount = 2
UT = 3640036.2502692458
gameMode = CAREER
gameNull = False
gameCompatible = True
funds = 279062.57451111585
science = 27
reputationPercent = 32
ongoingContracts = 8
missionCurrentScore = 0
missionIsStarted = False
missionIsEnded = False
missionHistoryId = 00000000-0000-0000-0000-000000000000
missionExpansionVersion = 
saveMD5 = 32a31e573952235fa673bf649fa12e75
