vesselCount = 3
UT = 3843690.7857206841
gameMode = CAREER
gameNull = False
gameCompatible = True
funds = 169656.52583477029
science = 20
reputationPercent = 34
ongoingContracts = 9
missionCurrentScore = 0
missionIsStarted = False
missionIsEnded = False
missionHistoryId = 00000000-0000-0000-0000-000000000000
missionExpansionVersion = 
saveMD5 = 4ff4573e6aa27f8c771f5f8d0fe86dbf
