vesselCount = 6
UT = 4757969.7465888262
gameMode = CAREER
gameNull = False
gameCompatible = True
funds = 145128.9475599257
science = 26
reputationPercent = 46
ongoingContracts = 12
missionCurrentScore = 0
missionIsStarted = False
missionIsEnded = False
missionHistoryId = 00000000-0000-0000-0000-000000000000
missionExpansionVersion = 
saveMD5 = 7a35987bd0a327f1e680d515119fb84c
