vesselCount = 3
UT = 4360805.1441977741
gameMode = CAREER
gameNull = False
gameCompatible = True
funds = 241106.2793338013
science = 5
reputationPercent = 40
ongoingContracts = 11
missionCurrentScore = 0
missionIsStarted = False
missionIsEnded = False
missionHistoryId = 00000000-0000-0000-0000-000000000000
missionExpansionVersion = 
saveMD5 = 7891566dbe65dd121e8f05f54f4e392d
