vesselCount = 0
UT = 657721.11466264888
gameMode = CAREER
gameNull = False
gameCompatible = True
funds = 157747.36116878421
science = 30
reputationPercent = 7
ongoingContracts = 3
missionCurrentScore = 0
missionIsStarted = False
missionIsEnded = False
missionHistoryId = 00000000-0000-0000-0000-000000000000
missionExpansionVersion = 
saveMD5 = 1366248e2aa6770d69b33d3de534dc84
