vesselCount = 1
UT = 3014684.9878789308
gameMode = CAREER
gameNull = False
gameCompatible = True
funds = 417247.39072446397
science = 22
reputationPercent = 26
ongoingContracts = 10
missionCurrentScore = 0
missionIsStarted = False
missionIsEnded = False
missionHistoryId = 00000000-0000-0000-0000-000000000000
missionExpansionVersion = 
saveMD5 = 412d6ba130d1c14a6bcb144c332960e5
