vesselCount = 8
UT = 5146808.3691881914
gameMode = CAREER
gameNull = False
gameCompatible = True
funds = 158478.63030963187
science = 15
reputationPercent = 47
ongoingContracts = 12
missionCurrentScore = 0
missionIsStarted = False
missionIsEnded = False
missionHistoryId = 00000000-0000-0000-0000-000000000000
missionExpansionVersion = 
saveMD5 = 09db2005212252bd41a5e723f7bee6bf
