vesselCount = 0
UT = 1260649.11889098
gameMode = CAREER
gameNull = False
gameCompatible = True
funds = 104389.27626849212
science = 17
reputationPercent = 19
ongoingContracts = 3
missionCurrentScore = 0
missionIsStarted = False
missionIsEnded = False
missionHistoryId = 00000000-0000-0000-0000-000000000000
missionExpansionVersion = 
saveMD5 = 026d33800a6d6d86f8e8877cadbaa797
