vesselCount = 6
UT = 4895386.5825070897
gameMode = CAREER
gameNull = False
gameCompatible = True
funds = 193735.49757074361
science = 4
reputationPercent = 46
ongoingContracts = 12
missionCurrentScore = 0
missionIsStarted = False
missionIsEnded = False
missionHistoryId = 00000000-0000-0000-0000-000000000000
missionExpansionVersion = 
saveMD5 = 739321cf1c41e58d9078363837f51952
