vesselCount = 0
UT = 893099.96574312891
gameMode = CAREER
gameNull = False
gameCompatible = True
funds = 113815.19498017832
science = 9
reputationPercent = 14
ongoingContracts = 3
missionCurrentScore = 0
missionIsStarted = False
missionIsEnded = False
missionHistoryId = 00000000-0000-0000-0000-000000000000
missionExpansionVersion = 
saveMD5 = 2e95c7b5321e26e735997535a2371608
