vesselCount = 0
UT = 809870.06476880831
gameMode = CAREER
gameNull = False
gameCompatible = True
funds = 208359.56406197863
science = 41
reputationPercent = 11
ongoingContracts = 2
missionCurrentScore = 0
missionIsStarted = False
missionIsEnded = False
missionHistoryId = 00000000-0000-0000-0000-000000000000
missionExpansionVersion = 
saveMD5 = 37dd5fea5eb36b4d23d474318687578b
