vesselCount = 1
UT = 3080256.5134839369
gameMode = CAREER
gameNull = False
gameCompatible = True
funds = 149527.47483961625
science = 46
reputationPercent = 29
ongoingContracts = 7
missionCurrentScore = 0
missionIsStarted = False
missionIsEnded = False
missionHistoryId = 00000000-0000-0000-0000-000000000000
missionExpansionVersion = 
saveMD5 = 2563f5afa9090818b6378d9a903ce66f
