vesselCount = 0
UT = 1716601.8682529831
gameMode = CAREER
gameNull = False
gameCompatible = True
funds = 202879.75248187518
science = 24
reputationPercent = 20
ongoingContracts = 11
missionCurrentScore = 0
missionIsStarted = False
missionIsEnded = False
missionHistoryId = 00000000-0000-0000-0000-000000000000
missionExpansionVersion = 
saveMD5 = 4a57320ad59e5e088d7687aaceb05f69
