vesselCount = 6
UT = 4895433.2225060472
gameMode = CAREER
gameNull = False
gameCompatible = True
funds = 176220.49171136861
science = 4
reputationPercent = 46
ongoingContracts = 12
missionCurrentScore = 0
missionIsStarted = False
missionIsEnded = False
missionHistoryId = 00000000-0000-0000-0000-000000000000
missionExpansionVersion = 
saveMD5 = 96e749dba6a66f6cff3e9cc606106fe9
