vesselCount = 5
UT = 4626268.17946936
gameMode = CAREER
gameNull = False
gameCompatible = True
funds = 35156.993761228572
science = 6
reputationPercent = 44
ongoingContracts = 9
missionCurrentScore = 0
missionIsStarted = False
missionIsEnded = False
missionHistoryId = 00000000-0000-0000-0000-000000000000
missionExpansionVersion = 
saveMD5 = 43df4c666394a0dd3b9e0e9271207271
