vesselCount = 3
UT = 3851491.4569264785
gameMode = CAREER
gameNull = False
gameCompatible = True
funds = 169920.5258387042
science = 20
reputationPercent = 34
ongoingContracts = 9
missionCurrentScore = 0
missionIsStarted = False
missionIsEnded = False
missionHistoryId = 00000000-0000-0000-0000-000000000000
missionExpansionVersion = 
saveMD5 = 6ef6680abb9bc050f165d36d92092f39
