vesselCount = 2
UT = 3347198.8071745685
gameMode = CAREER
gameNull = False
gameCompatible = True
funds = 270721.71852711117
science = 56
reputationPercent = 34
ongoingContracts = 10
missionCurrentScore = 0
missionIsStarted = False
missionIsEnded = False
missionHistoryId = 00000000-0000-0000-0000-000000000000
missionExpansionVersion = 
saveMD5 = 1ebfa4a7c60bc278e8a824d762de7b40
