vesselCount = 3
UT = 4134338.2332480764
gameMode = CAREER
gameNull = False
gameCompatible = True
funds = 132673.52026906691
science = 25
reputationPercent = 39
ongoingContracts = 11
missionCurrentScore = 0
missionIsStarted = False
missionIsEnded = False
missionHistoryId = 00000000-0000-0000-0000-000000000000
missionExpansionVersion = 
saveMD5 = 2ce2081f94b82d9c435e8edd1dd4859c
