vesselCount = 1
UT = 1781101.3674336278
gameMode = CAREER
gameNull = False
gameCompatible = True
funds = 227121.59747117499
science = 25
reputationPercent = 21
ongoingContracts = 7
missionCurrentScore = 0
missionIsStarted = False
missionIsEnded = False
missionHistoryId = 00000000-0000-0000-0000-000000000000
missionExpansionVersion = 
saveMD5 = 33b462804ffdbcf7c2bd7b5b758e5420
