vesselCount = 3
UT = 3787508.1450459529
gameMode = CAREER
gameNull = False
gameCompatible = True
funds = 368480.36927424697
science = 20
reputationPercent = 34
ongoingContracts = 9
missionCurrentScore = 0
missionIsStarted = False
missionIsEnded = False
missionHistoryId = 00000000-0000-0000-0000-000000000000
missionExpansionVersion = 
saveMD5 = 28eed1da71a5c513c4e1da4a0d2d0812
