vesselCount = 3
UT = 3838287.3388016033
gameMode = CAREER
gameNull = False
gameCompatible = True
funds = 226363.72589721438
science = 20
reputationPercent = 34
ongoingContracts = 9
missionCurrentScore = 0
missionIsStarted = False
missionIsEnded = False
missionHistoryId = 00000000-0000-0000-0000-000000000000
missionExpansionVersion = 
saveMD5 = 2c9af2924afd3646cd9d410a20f6f4b2
