vesselCount = 3
UT = 3843872.4457208533
gameMode = CAREER
gameNull = False
gameCompatible = True
funds = 169920.5258387042
science = 20
reputationPercent = 34
ongoingContracts = 9
missionCurrentScore = 0
missionIsStarted = False
missionIsEnded = False
missionHistoryId = 00000000-0000-0000-0000-000000000000
missionExpansionVersion = 
saveMD5 = 0d9c3b2e957c524a3bf73a940a93bc8a
