vesselCount = 5
UT = 4470606.0811141282
gameMode = CAREER
gameNull = False
gameCompatible = True
funds = 143373.75853990015
science = 39
reputationPercent = 44
ongoingContracts = 9
missionCurrentScore = 0
missionIsStarted = False
missionIsEnded = False
missionHistoryId = 00000000-0000-0000-0000-000000000000
missionExpansionVersion = 
saveMD5 = 43115646f0c61319449fd6f25678cf7a
