vesselCount = 3
UT = 3834624.0903900033
gameMode = CAREER
gameNull = False
gameCompatible = True
funds = 226363.72589721438
science = 20
reputationPercent = 34
ongoingContracts = 9
missionCurrentScore = 0
missionIsStarted = False
missionIsEnded = False
missionHistoryId = 00000000-0000-0000-0000-000000000000
missionExpansionVersion = 
saveMD5 = 5273c560b1c1ca16aa45907ac891d977
