vesselCount = 3
UT = 3835485.9151857235
gameMode = CAREER
gameNull = False
gameCompatible = True
funds = 226363.72589721438
science = 20
reputationPercent = 34
ongoingContracts = 9
missionCurrentScore = 0
missionIsStarted = False
missionIsEnded = False
missionHistoryId = 00000000-0000-0000-0000-000000000000
missionExpansionVersion = 
saveMD5 = 946cbd3435cb7c237b5fdd2a6000bf70
