vesselCount = 5
UT = 4469148.8211467005
gameMode = CAREER
gameNull = False
gameCompatible = True
funds = 86448.757592186259
science = 35
reputationPercent = 43
ongoingContracts = 10
missionCurrentScore = 0
missionIsStarted = False
missionIsEnded = False
missionHistoryId = 00000000-0000-0000-0000-000000000000
missionExpansionVersion = 
saveMD5 = 14d153f7d307362fbfeb86592794ef9f
