vesselCount = 4
UT = 3724361.1073110681
gameMode = CAREER
gameNull = False
gameCompatible = True
funds = 365164.78429056954
science = 20
reputationPercent = 33
ongoingContracts = 8
missionCurrentScore = 0
missionIsStarted = False
missionIsEnded = False
missionHistoryId = 00000000-0000-0000-0000-000000000000
missionExpansionVersion = 
saveMD5 = 30fdc3cfd549a712daff4ca66bf96d45
