vesselCount = 2
UT = 3345487.1691261046
gameMode = CAREER
gameNull = False
gameCompatible = True
funds = 270721.71852711117
science = 56
reputationPercent = 32
ongoingContracts = 10
missionCurrentScore = 0
missionIsStarted = False
missionIsEnded = False
missionHistoryId = 00000000-0000-0000-0000-000000000000
missionExpansionVersion = 
saveMD5 = 8d6e62d0c3945cf03c9ddadf480c5b00
