vesselCount = 4
UT = 4305862.9562481316
gameMode = CAREER
gameNull = False
gameCompatible = True
funds = 172714.06354418234
science = 37
reputationPercent = 40
ongoingContracts = 11
missionCurrentScore = 0
missionIsStarted = False
missionIsEnded = False
missionHistoryId = 00000000-0000-0000-0000-000000000000
missionExpansionVersion = 
saveMD5 = 111eceaa46763288f66a74095509a898
