vesselCount = 4
UT = 4306823.8667911626
gameMode = CAREER
gameNull = False
gameCompatible = True
funds = 172714.06354418234
science = 37
reputationPercent = 40
ongoingContracts = 11
missionCurrentScore = 0
missionIsStarted = False
missionIsEnded = False
missionHistoryId = 00000000-0000-0000-0000-000000000000
missionExpansionVersion = 
saveMD5 = 204ec522cc5d9d681ac8d33f51a8cc68
