vesselCount = 3
UT = 4009771.6168288188
gameMode = CAREER
gameNull = False
gameCompatible = True
funds = 186367.56819544663
science = 25
reputationPercent = 37
ongoingContracts = 9
missionCurrentScore = 0
missionIsStarted = False
missionIsEnded = False
missionHistoryId = 00000000-0000-0000-0000-000000000000
missionExpansionVersion = 
saveMD5 = 988a0c8feae100db585a769e305056fd
