vesselCount = 2
UT = 3335630.2139313938
gameMode = CAREER
gameNull = False
gameCompatible = True
funds = 221173.71655586638
science = 50
reputationPercent = 31
ongoingContracts = 11
missionCurrentScore = 0
missionIsStarted = False
missionIsEnded = False
missionHistoryId = 00000000-0000-0000-0000-000000000000
missionExpansionVersion = 
saveMD5 = 16ccee50b8583a0e587da61a50b113c4
