vesselCount = 4
UT = 4011285.8968302291
gameMode = CAREER
gameNull = False
gameCompatible = True
funds = 146367.56819544663
science = 25
reputationPercent = 37
ongoingContracts = 9
missionCurrentScore = 0
missionIsStarted = False
missionIsEnded = False
missionHistoryId = 00000000-0000-0000-0000-000000000000
missionExpansionVersion = 
saveMD5 = 19bd79519ba6279533e554798a7ba9eb
