vesselCount = 3
UT = 4010656.3168296427
gameMode = CAREER
gameNull = False
gameCompatible = True
funds = 186367.56819544663
science = 25
reputationPercent = 37
ongoingContracts = 9
missionCurrentScore = 0
missionIsStarted = False
missionIsEnded = False
missionHistoryId = 00000000-0000-0000-0000-000000000000
missionExpansionVersion = 
saveMD5 = 0fbebcb515eaa04dc338e6de25097bc4
