vesselCount = 3
UT = 3836476.1377257067
gameMode = CAREER
gameNull = False
gameCompatible = True
funds = 226363.72589721438
science = 20
reputationPercent = 34
ongoingContracts = 9
missionCurrentScore = 0
missionIsStarted = False
missionIsEnded = False
missionHistoryId = 00000000-0000-0000-0000-000000000000
missionExpansionVersion = 
saveMD5 = 83e45f81b7011f9404dada190b0e090f
