vesselCount = 1
UT = 1441626.3969100248
gameMode = CAREER
gameNull = False
gameCompatible = True
funds = 143392.30402644956
science = 9
reputationPercent = 20
ongoingContracts = 5
missionCurrentScore = 0
missionIsStarted = False
missionIsEnded = False
missionHistoryId = 00000000-0000-0000-0000-000000000000
missionExpansionVersion = 
saveMD5 = 81a1b787761851a4dee04d94fbede7d6
