vesselCount = 2
UT = 3342036.5291228909
gameMode = CAREER
gameNull = False
gameCompatible = True
funds = 270721.71852711117
science = 56
reputationPercent = 32
ongoingContracts = 10
missionCurrentScore = 0
missionIsStarted = False
missionIsEnded = False
missionHistoryId = 00000000-0000-0000-0000-000000000000
missionExpansionVersion = 
saveMD5 = 9dd90a3f82c63f6dbbfd77b440a6a608
