vesselCount = 3
UT = 4255371.2771339007
gameMode = CAREER
gameNull = False
gameCompatible = True
funds = 186797.84284105734
science = 37
reputationPercent = 40
ongoingContracts = 11
missionCurrentScore = 0
missionIsStarted = False
missionIsEnded = False
missionHistoryId = 00000000-0000-0000-0000-000000000000
missionExpansionVersion = 
saveMD5 = 9ffa6cf6874ad70f8f8af9984d7acbbc
