vesselCount = 2
UT = 3345399.2091260226
gameMode = CAREER
gameNull = False
gameCompatible = True
funds = 270721.71852711117
science = 56
reputationPercent = 32
ongoingContracts = 10
missionCurrentScore = 0
missionIsStarted = False
missionIsEnded = False
missionHistoryId = 00000000-0000-0000-0000-000000000000
missionExpansionVersion = 
saveMD5 = 9516f93d5684a26ac00ab3352169bf6c
