vesselCount = 6
UT = 4599471.7143328553
gameMode = CAREER
gameNull = False
gameCompatible = True
funds = 79901.142468756181
science = 49
reputationPercent = 44
ongoingContracts = 9
missionCurrentScore = 0
missionIsStarted = False
missionIsEnded = False
missionHistoryId = 00000000-0000-0000-0000-000000000000
missionExpansionVersion = 
saveMD5 = 48e2cd5aeba3f4d9be692a6db10165b5
