vesselCount = 3
UT = 3851277.1736818403
gameMode = CAREER
gameNull = False
gameCompatible = True
funds = 169920.5258387042
science = 20
reputationPercent = 34
ongoingContracts = 9
missionCurrentScore = 0
missionIsStarted = False
missionIsEnded = False
missionHistoryId = 00000000-0000-0000-0000-000000000000
missionExpansionVersion = 
saveMD5 = 421f05d01f695cd89cd78877ea619b9f
