vesselCount = 6
UT = 4596183.1194694592
gameMode = CAREER
gameNull = False
gameCompatible = True
funds = 73301.142468756181
science = 47
reputationPercent = 44
ongoingContracts = 9
missionCurrentScore = 0
missionIsStarted = False
missionIsEnded = False
missionHistoryId = 00000000-0000-0000-0000-000000000000
missionExpansionVersion = 
saveMD5 = 2a694e02b46b45c02ee5956bfdce6b66
