vesselCount = 3
UT = 3859465.7437797501
gameMode = CAREER
gameNull = False
gameCompatible = True
funds = 169920.5258387042
science = 20
reputationPercent = 34
ongoingContracts = 9
missionCurrentScore = 0
missionIsStarted = False
missionIsEnded = False
missionHistoryId = 00000000-0000-0000-0000-000000000000
missionExpansionVersion = 
saveMD5 = 2d477a66dee744ac1f8dfc2301fc96ce
