vesselCount = 3
UT = 4005046.4038849678
gameMode = CAREER
gameNull = False
gameCompatible = True
funds = 173167.56819544663
science = 21
reputationPercent = 37
ongoingContracts = 9
missionCurrentScore = 0
missionIsStarted = False
missionIsEnded = False
missionHistoryId = 00000000-0000-0000-0000-000000000000
missionExpansionVersion = 
saveMD5 = 3c96f97527671c45c195c4073150014e
