vesselCount = 3
UT = 4003586.0238836077
gameMode = CAREER
gameNull = False
gameCompatible = True
funds = 173167.56819544663
science = 21
reputationPercent = 37
ongoingContracts = 9
missionCurrentScore = 0
missionIsStarted = False
missionIsEnded = False
missionHistoryId = 00000000-0000-0000-0000-000000000000
missionExpansionVersion = 
saveMD5 = 56e5fb565af114fc8aff32938849b9d5
