vesselCount = 6
UT = 4595729.2924034819
gameMode = CAREER
gameNull = False
gameCompatible = True
funds = 73301.142468756181
science = 47
reputationPercent = 44
ongoingContracts = 9
missionCurrentScore = 0
missionIsStarted = False
missionIsEnded = False
missionHistoryId = 00000000-0000-0000-0000-000000000000
missionExpansionVersion = 
saveMD5 = 4d7e507fdda7b37241ca169d8b38e94f
