vesselCount = 8
UT = 4894749.8025213229
gameMode = CAREER
gameNull = False
gameCompatible = True
funds = 138120.34708434046
science = 18
reputationPercent = 46
ongoingContracts = 12
missionCurrentScore = 0
missionIsStarted = False
missionIsEnded = False
missionHistoryId = 00000000-0000-0000-0000-000000000000
missionExpansionVersion = 
saveMD5 = 3a34bc46ddd3aacfc7bb2e2461c9ad77
