vesselCount = 3
UT = 3843690.7857206841
gameMode = CAREER
gameNull = False
gameCompatible = True
funds = 169656.52583477029
science = 20
reputationPercent = 34
ongoingContracts = 9
missionCurrentScore = 0
missionIsStarted = False
missionIsEnded = False
missionHistoryId = 00000000-0000-0000-0000-000000000000
missionExpansionVersion = 
saveMD5 = 8b417f3849b0431b36d78201e0dc0e5e
