vesselCount = 3
UT = 4010323.8968293332
gameMode = CAREER
gameNull = False
gameCompatible = True
funds = 186367.56819544663
science = 25
reputationPercent = 37
ongoingContracts = 9
missionCurrentScore = 0
missionIsStarted = False
missionIsEnded = False
missionHistoryId = 00000000-0000-0000-0000-000000000000
missionExpansionVersion = 
saveMD5 = 8d0848acafd9ab1d2869eabbdb17b3a7
