vesselCount = 3
UT = 4135272.3681708132
gameMode = CAREER
gameNull = False
gameCompatible = True
funds = 132673.52026906691
science = 25
reputationPercent = 39
ongoingContracts = 11
missionCurrentScore = 0
missionIsStarted = False
missionIsEnded = False
missionHistoryId = 00000000-0000-0000-0000-000000000000
missionExpansionVersion = 
saveMD5 = 16c4279a5e6f9c4d2d85dbf226b5a470
