vesselCount = 3
UT = 3847754.9921307145
gameMode = CAREER
gameNull = False
gameCompatible = True
funds = 169920.5258387042
science = 20
reputationPercent = 34
ongoingContracts = 9
missionCurrentScore = 0
missionIsStarted = False
missionIsEnded = False
missionHistoryId = 00000000-0000-0000-0000-000000000000
missionExpansionVersion = 
saveMD5 = 6f581a48f355925626ba1aae536c1804
