vesselCount = 1
UT = 2125614.7533472376
gameMode = CAREER
gameNull = False
gameCompatible = True
funds = 265512.42584700801
science = 2
reputationPercent = 22
ongoingContracts = 9
missionCurrentScore = 0
missionIsStarted = False
missionIsEnded = False
missionHistoryId = 00000000-0000-0000-0000-000000000000
missionExpansionVersion = 
saveMD5 = 98c17f7d95f4051aa8f3423d6ca4f312
