vesselCount = 2
UT = 3423161.7638996472
gameMode = CAREER
gameNull = False
gameCompatible = True
funds = 310063.81624810066
science = 69
reputationPercent = 32
ongoingContracts = 9
missionCurrentScore = 0
missionIsStarted = False
missionIsEnded = False
missionHistoryId = 00000000-0000-0000-0000-000000000000
missionExpansionVersion = 
saveMD5 = 50461596aa67084cbd404037ee23dcf3
