vesselCount = 1
UT = 2126453.5133480188
gameMode = CAREER
gameNull = False
gameCompatible = True
funds = 276072.42584700801
science = 6
reputationPercent = 23
ongoingContracts = 9
missionCurrentScore = 0
missionIsStarted = False
missionIsEnded = False
missionHistoryId = 00000000-0000-0000-0000-000000000000
missionExpansionVersion = 
saveMD5 = 915f18a4a9624dbed2826ee379c9da35
