vesselCount = 1
UT = 1173904.8081749864
gameMode = CAREER
gameNull = False
gameCompatible = True
funds = 185205.70698532366
science = 0
reputationPercent = 17
ongoingContracts = 2
missionCurrentScore = 0
missionIsStarted = False
missionIsEnded = False
missionHistoryId = 00000000-0000-0000-0000-000000000000
missionExpansionVersion = 
saveMD5 = 8db038415c5c25b24a8de2199b3ed9eb
