vesselCount = 3
UT = 4006107.4038859559
gameMode = CAREER
gameNull = False
gameCompatible = True
funds = 179767.56819544663
science = 23
reputationPercent = 37
ongoingContracts = 9
missionCurrentScore = 0
missionIsStarted = False
missionIsEnded = False
missionHistoryId = 00000000-0000-0000-0000-000000000000
missionExpansionVersion = 
saveMD5 = 95ea2ed884d446d6b275cd18776b75e4
