vesselCount = 6
UT = 4600249.2926324401
gameMode = CAREER
gameNull = False
gameCompatible = True
funds = 79901.142468756181
science = 49
reputationPercent = 44
ongoingContracts = 9
missionCurrentScore = 0
missionIsStarted = False
missionIsEnded = False
missionHistoryId = 00000000-0000-0000-0000-000000000000
missionExpansionVersion = 
saveMD5 = 7f17d3e6afd5184b8879e6506287e184
