vesselCount = 2
UT = 3338066.5813067071
gameMode = CAREER
gameNull = False
gameCompatible = True
funds = 221173.71655586638
science = 50
reputationPercent = 31
ongoingContracts = 11
missionCurrentScore = 0
missionIsStarted = False
missionIsEnded = False
missionHistoryId = 00000000-0000-0000-0000-000000000000
missionExpansionVersion = 
saveMD5 = 0eb15adb58a4709399a3bb333eccca0a
