vesselCount = 3
UT = 4003042.6238831016
gameMode = CAREER
gameNull = False
gameCompatible = True
funds = 173167.56819544663
science = 21
reputationPercent = 37
ongoingContracts = 9
missionCurrentScore = 0
missionIsStarted = False
missionIsEnded = False
missionHistoryId = 00000000-0000-0000-0000-000000000000
missionExpansionVersion = 
saveMD5 = 3bffb9a6a1ba6ebeaffe841c6b8155be
