vesselCount = 5
UT = 4469813.7011318393
gameMode = CAREER
gameNull = False
gameCompatible = True
funds = 93048.757592186259
science = 37
reputationPercent = 43
ongoingContracts = 10
missionCurrentScore = 0
missionIsStarted = False
missionIsEnded = False
missionHistoryId = 00000000-0000-0000-0000-000000000000
missionExpansionVersion = 
saveMD5 = 829df60e36b5407ee0aee65d2af96346
