vesselCount = 1
UT = 892925.10574296606
gameMode = CAREER
gameNull = False
gameCompatible = True
funds = 113735.19498017832
science = 9
reputationPercent = 14
ongoingContracts = 0
missionCurrentScore = 0
missionIsStarted = False
missionIsEnded = False
missionHistoryId = 00000000-0000-0000-0000-000000000000
missionExpansionVersion = 
saveMD5 = 4389c47340a584b472e0ffb9af74c860
