vesselCount = 1
UT = 1508795.1925256336
gameMode = CAREER
gameNull = False
gameCompatible = True
funds = 147381.36369578136
science = 9
reputationPercent = 20
ongoingContracts = 6
missionCurrentScore = 0
missionIsStarted = False
missionIsEnded = False
missionHistoryId = 00000000-0000-0000-0000-000000000000
missionExpansionVersion = 
saveMD5 = 6b740ee32b65d7663640203cc7f66d22
