vesselCount = 1
UT = 1238409.4419941881
gameMode = CAREER
gameNull = False
gameCompatible = True
funds = 58545.34003992191
science = 4
reputationPercent = 18
ongoingContracts = 6
missionCurrentScore = 0
missionIsStarted = False
missionIsEnded = False
missionHistoryId = 00000000-0000-0000-0000-000000000000
missionExpansionVersion = 
saveMD5 = 59ee330a94a8c556a70957b862f8a2d6
