vesselCount = 1
UT = 1928385.932328281
gameMode = CAREER
gameNull = False
gameCompatible = True
funds = 241957.84027414126
science = 4
reputationPercent = 22
ongoingContracts = 8
missionCurrentScore = 0
missionIsStarted = False
missionIsEnded = False
missionHistoryId = 00000000-0000-0000-0000-000000000000
missionExpansionVersion = 
saveMD5 = 50e0b258fe49f4019c4daa7c0d487826
