vesselCount = 1
UT = 1132479.140805894
gameMode = CAREER
gameNull = False
gameCompatible = True
funds = 137614.72669106454
science = 12
reputationPercent = 16
ongoingContracts = 3
missionCurrentScore = 0
missionIsStarted = False
missionIsEnded = False
missionHistoryId = 00000000-0000-0000-0000-000000000000
missionExpansionVersion = 
saveMD5 = 986d34ed7a92132398e0fd6c1a9eb5b8
