vesselCount = 5
UT = 4568387.1039730711
gameMode = CAREER
gameNull = False
gameCompatible = True
funds = 73251.142468756181
science = 47
reputationPercent = 44
ongoingContracts = 0
missionCurrentScore = 0
missionIsStarted = False
missionIsEnded = False
missionHistoryId = 00000000-0000-0000-0000-000000000000
missionExpansionVersion = 
saveMD5 = 8d53503468a64bb29b6528afbfdbe14b
