vesselCount = 1
UT = 2124010.9919199813
gameMode = CAREER
gameNull = False
gameCompatible = True
funds = 255574.42584700801
science = 2
reputationPercent = 22
ongoingContracts = 10
missionCurrentScore = 0
missionIsStarted = False
missionIsEnded = False
missionHistoryId = 00000000-0000-0000-0000-000000000000
missionExpansionVersion = 
saveMD5 = 0bce857b535a64df7a9f53029e61b33b
