vesselCount = 1
UT = 2027840.2448101279
gameMode = CAREER
gameNull = False
gameCompatible = True
funds = 254689.4859433471
science = 1
reputationPercent = 22
ongoingContracts = 10
missionCurrentScore = 0
missionIsStarted = False
missionIsEnded = False
missionHistoryId = 00000000-0000-0000-0000-000000000000
missionExpansionVersion = 
saveMD5 = 60d5feed471aef93cce93b680ef25178
