vesselCount = 6
UT = 4626268.6994693484
gameMode = CAREER
gameNull = False
gameCompatible = True
funds = 35156.993761228572
science = 6
reputationPercent = 44
ongoingContracts = 9
missionCurrentScore = 0
missionIsStarted = False
missionIsEnded = False
missionHistoryId = 00000000-0000-0000-0000-000000000000
missionExpansionVersion = 
saveMD5 = 2f9b2f428194695fd04a52a810bfb129
