vesselCount = 1
UT = 1260075.5232167088
gameMode = CAREER
gameNull = False
gameCompatible = True
funds = 95392.276628209263
science = 9
reputationPercent = 19
ongoingContracts = 3
missionCurrentScore = 0
missionIsStarted = False
missionIsEnded = False
missionHistoryId = 00000000-0000-0000-0000-000000000000
missionExpansionVersion = 
saveMD5 = 7691f90f7b70ab6e7a0cb90f4592cb02
