vesselCount = 1
UT = 1327429.2729438285
gameMode = CAREER
gameNull = False
gameCompatible = True
funds = 104389.27626849212
science = 17
reputationPercent = 19
ongoingContracts = 3
missionCurrentScore = 0
missionIsStarted = False
missionIsEnded = False
missionHistoryId = 00000000-0000-0000-0000-000000000000
missionExpansionVersion = 
saveMD5 = 20d5ae51ac7d5a368215b9f9a276b04a
