vesselCount = 1
UT = 979199.86855816189
gameMode = CAREER
gameNull = False
gameCompatible = True
funds = 111202.19498017832
science = 10
reputationPercent = 14
ongoingContracts = 3
missionCurrentScore = 0
missionIsStarted = False
missionIsEnded = False
missionHistoryId = 00000000-0000-0000-0000-000000000000
missionExpansionVersion = 
saveMD5 = 4045d2e9c1836dadd4696b6d85c040d6
