vesselCount = 3
UT = 4123021.3181008468
gameMode = CAREER
gameNull = False
gameCompatible = True
funds = 85033.52026906691
science = 19
reputationPercent = 38
ongoingContracts = 12
missionCurrentScore = 0
missionIsStarted = False
missionIsEnded = False
missionHistoryId = 00000000-0000-0000-0000-000000000000
missionExpansionVersion = 
saveMD5 = 62f9e08bcf8ed41409828e1fec575fd2
