vesselCount = 5
UT = 4464975.6796038058
gameMode = CAREER
gameNull = False
gameCompatible = True
funds = 72323.595777383365
science = 35
reputationPercent = 43
ongoingContracts = 11
missionCurrentScore = 0
missionIsStarted = False
missionIsEnded = False
missionHistoryId = 00000000-0000-0000-0000-000000000000
missionExpansionVersion = 
saveMD5 = 2f78bd40347b326f6b2d51e44055d906
