vesselCount = 2
UT = 3513494.9476703079
gameMode = CAREER
gameNull = False
gameCompatible = True
funds = 287871.72783142835
science = 27
reputationPercent = 32
ongoingContracts = 8
missionCurrentScore = 0
missionIsStarted = False
missionIsEnded = False
missionHistoryId = 00000000-0000-0000-0000-000000000000
missionExpansionVersion = 
saveMD5 = 2e7b461bc33873689fc774a41a0e937a
