vesselCount = 1
UT = 936124.44616550114
gameMode = CAREER
gameNull = False
gameCompatible = True
funds = 111870.19498017832
science = 9
reputationPercent = 14
ongoingContracts = 3
missionCurrentScore = 0
missionIsStarted = False
missionIsEnded = False
missionHistoryId = 00000000-0000-0000-0000-000000000000
missionExpansionVersion = 
saveMD5 = 41bc6ddd1174e9223e4ea270924bf7ec
