vesselCount = 4
UT = 4411761.797225818
gameMode = CAREER
gameNull = False
gameCompatible = True
funds = 312221.84361276153
science = 29
reputationPercent = 41
ongoingContracts = 11
missionCurrentScore = 0
missionIsStarted = False
missionIsEnded = False
missionHistoryId = 00000000-0000-0000-0000-000000000000
missionExpansionVersion = 
saveMD5 = 4b3007cdbff44817f2cf116ba9552e72
