vesselCount = 4
UT = 4305614.4362536864
gameMode = CAREER
gameNull = False
gameCompatible = True
funds = 172714.06354418234
science = 37
reputationPercent = 40
ongoingContracts = 11
missionCurrentScore = 0
missionIsStarted = False
missionIsEnded = False
missionHistoryId = 00000000-0000-0000-0000-000000000000
missionExpansionVersion = 
saveMD5 = 6a0868a5beec0a242ce697cfe54de328
