vesselCount = 8
UT = 4894754.4825212182
gameMode = CAREER
gameNull = False
gameCompatible = True
funds = 138120.34708434046
science = 18
reputationPercent = 46
ongoingContracts = 12
missionCurrentScore = 0
missionIsStarted = False
missionIsEnded = False
missionHistoryId = 00000000-0000-0000-0000-000000000000
missionExpansionVersion = 
saveMD5 = 0cc71140f19ba3e9bdc12a1bc1dd4aa9
