vesselCount = 3
UT = 4001791.8041016739
gameMode = CAREER
gameNull = False
gameCompatible = True
funds = 161242.56819544663
science = 21
reputationPercent = 37
ongoingContracts = 10
missionCurrentScore = 0
missionIsStarted = False
missionIsEnded = False
missionHistoryId = 00000000-0000-0000-0000-000000000000
missionExpansionVersion = 
saveMD5 = 36cfdd25fee12733b81642b10c1fb2a7
