vesselCount = 1
UT = 2185593.7162596341
gameMode = CAREER
gameNull = False
gameCompatible = True
funds = 333131.70943278691
science = 11
reputationPercent = 24
ongoingContracts = 7
missionCurrentScore = 0
missionIsStarted = False
missionIsEnded = False
missionHistoryId = 00000000-0000-0000-0000-000000000000
missionExpansionVersion = 
saveMD5 = 1c45137dd8966c6f950317297d8eb8a0
