vesselCount = 1
UT = 1439977.2394426784
gameMode = CAREER
gameNull = False
gameCompatible = True
funds = 135442.30402644956
science = 2
reputationPercent = 20
ongoingContracts = 6
missionCurrentScore = 0
missionIsStarted = False
missionIsEnded = False
missionHistoryId = 00000000-0000-0000-0000-000000000000
missionExpansionVersion = 
saveMD5 = 1c6b73725272cb2f8963a66239bb4bb2
