vesselCount = 2
UT = 3334464.1339303078
gameMode = CAREER
gameNull = False
gameCompatible = True
funds = 221173.71655586638
science = 43
reputationPercent = 31
ongoingContracts = 11
missionCurrentScore = 0
missionIsStarted = False
missionIsEnded = False
missionHistoryId = 00000000-0000-0000-0000-000000000000
missionExpansionVersion = 
saveMD5 = 1956ceb293902a5d08ed5811388ee45c
