vesselCount = 6
UT = 4587884.5311733615
gameMode = CAREER
gameNull = False
gameCompatible = True
funds = 73301.142468756181
science = 47
reputationPercent = 44
ongoingContracts = 9
missionCurrentScore = 0
missionIsStarted = False
missionIsEnded = False
missionHistoryId = 00000000-0000-0000-0000-000000000000
missionExpansionVersion = 
saveMD5 = 9aa869ed7816afc002c02190c6da7021
