vesselCount = 2
UT = 3125964.0468685054
gameMode = CAREER
gameNull = False
gameCompatible = True
funds = 133888.41331617875
science = 30
reputationPercent = 29
ongoingContracts = 8
missionCurrentScore = 0
missionIsStarted = False
missionIsEnded = False
missionHistoryId = 00000000-0000-0000-0000-000000000000
missionExpansionVersion = 
saveMD5 = 0d4d8f2d9286e59065ff37fd2566c8f2
