vesselCount = 1
UT = 3406550.1146681258
gameMode = CAREER
gameNull = False
gameCompatible = True
funds = 304523.73290793266
science = 69
reputationPercent = 32
ongoingContracts = 10
missionCurrentScore = 0
missionIsStarted = False
missionIsEnded = False
missionHistoryId = 00000000-0000-0000-0000-000000000000
missionExpansionVersion = 
saveMD5 = 81c5dd5b311555f596ac7cc1129550c9
